fallback_feasible = [true, true, false, true, true, true, true, true, true, false, true, true, false, true, true, true, true, true, true, true, true, true, true, true, true, true, true, true, true, true, true, true, true, true, false, true, false, true, true]
cost = [[87.0, 0.0, 442.0, 0.0], [172.0, 0.0, 913.0, 0.0], [304.0, 0.0, 1368.0, 0.0], [422.0, 0.0, 1798.0, 0.0], [500.0, 0.0, 2161.0, 0.0], [600.0, 0.0, 2564.0, 0.0], [683.0, 0.0, 3035.0, 0.0], [822.0, 0.0, 3507.0, 0.0], [948.0, 0.0, 4049.0, 0.0], [1075.0, 0.0, 4411.0, 0.0], [1186.0, 0.0, 4883.0, 0.0], [1267.0, 0.0, 5407.0, 0.0], [1372.0, 0.0, 6012.0, 0.0], [1505.0, 0.0, 6499.0, 0.0], [1608.0, 0.0, 6900.0, 0.0], [1692.0, 0.0, 7382.0, 0.0], [1804.0, 0.0, 7800.0, 0.0], [1890.0, 0.0, 8239.0, 0.0], [1984.0, 0.0, 8686.0, 0.0], [2143.0, 0.0, 9114.0, 0.0], [2261.0, 0.0, 9543.0, 0.0], [2377.0, 0.0, 10121.0, 0.0], [2493.0, 0.0, 10629.0, 0.0], [2606.0, 0.0, 11112.0, 0.0], [2770.0, 0.0, 11522.0, 0.0], [2899.0, 0.0, 11954.0, 0.0], [3018.0, 0.0, 12397.0, 0.0], [3119.0, 0.0, 12898.0, 0.0], [3239.0, 0.0, 13383.0, 0.0], [3335.0, 0.0, 13930.0, 0.0], [3424.0, 0.0, 14395.0, 0.0], [3557.0, 0.0, 14913.0, 0.0], [3673.0, 0.0, 15429.0, 0.0], [3796.0, 0.0, 15914.0, 0.0], [3919.0, 0.0, 16434.0, 0.0], [4000.0, 0.0, 16774.0, 0.0], [4105.0, 0.0, 17243.0, 0.0], [4232.0, 0.0, 17764.0, 0.0], [4347.0, 0.0, 18297.0, 0.0], [4428.0, 0.0, 18740.0, 0.0]]
time = [0.663816676, 0.991945088, 1.055567228, 0.855002096, 0.809207937, 0.907995783, 1.268795338, 1.252464419, 1.032511092, 1.261080799, 1.258538562, 1.345815326, 1.402237999, 1.495441833, 1.370964324, 1.4445882, 1.507670957, 1.501081641, 1.525749011, 1.62951425, 1.73426645, 1.841760698, 1.948535232, 2.010595518, 2.06872472, 2.156848971, 2.169416266, 1.910897074, 2.32425142, 2.421385684, 2.153577581, 2.495128053, 2.291341218, 2.533956085, 5.486088731, 2.389893566, 2.490044892, 2.884439244, 3.040537582, 2.901650834]
optimality_gap = [0, 0, 0, 0, 0, 0, 0, 0, 0, 0, 0, 0, 0, 0, 0, 0, 0, 0, 0, 0, 0, 0, 0, 0, 0, 0, 0, 0, 0, 0, 0, 0, 0, 0, 0, 0, 0, 0, 0, 0]
final_time = [87, 172, 304, 422, 500, 600, 683, 822, 948, 1075, 1186, 1267, 1372, 1505, 1608, 1692, 1804, 1890, 1984, 2143, 2261, 2377, 2493, 2606, 2770, 2899, 3018, 3119, 3239, 3335, 3424, 3557, 3673, 3796, 3919, 4000, 4105, 4232, 4347, 4428]
makespans = [87, 102, 184, 252, 280, 330, 363, 452, 528, 605, 666, 697, 752, 835, 888, 922, 984, 1020, 1064, 1173, 1241, 1307, 1373, 1436, 1550, 1629, 1698, 1749, 1819, 1865, 1904, 1987, 2053, 2126, 2199, 2230, 2285, 2362, 2427, 2458]
optimal = [true, true, true, true, true, true, true, true, true, true, true, true, true, true, true, true, true, true, true, true, true, true, true, true, true, true, true, true, true, true, true, true, true, true, true, true, true, true, true, true]
arrival_time = [0, 70, 120, 170, 220, 270, 320, 370, 420, 470, 520, 570, 620, 670, 720, 770, 820, 870, 920, 970, 1020, 1070, 1120, 1170, 1220, 1270, 1320, 1370, 1420, 1470, 1520, 1570, 1620, 1670, 1720, 1770, 1820, 1870, 1920, 1970]
feasible = [true, true, true, true, true, true, true, true, true, true, true, true, true, true, true, true, true, true, true, true, true, true, true, true, true, true, true, true, true, true, true, true, true, true, true, true, true, true, true, true]
