fallback_feasible = [true, true, true, true, true, true, true, true, true, true, true, true, true, true, true, true, true, true, true, true, true, true, true, false, true, true, true, true, true, true, true, true, true, true, true, true, true, true, true]
cost = [[106.0, 0.0, 699.0, 0.0], [226.0, 0.0, 1377.0, 0.0], [344.0, 0.0, 2024.0, 0.0], [475.0, 1.0, 2771.0, 0.0], [568.0, 0.0, 3473.0, 0.0], [706.0, 0.0, 4161.0, 0.0], [885.0, 0.0, 4892.0, 0.0], [982.0, 0.0, 5589.0, 0.0], [1082.0, 0.0, 6292.0, 0.0], [1240.0, 0.0, 6997.0, 0.0], [1384.0, 0.0, 7740.0, 0.0], [1523.0, 0.0, 8324.0, 0.0], [1671.0, 0.0, 9168.0, 0.0], [1780.0, 0.0, 9910.0, 0.0], [1904.0, 0.0, 10618.0, 0.0], [2018.0, 0.0, 11280.0, 0.0], [2151.0, 0.0, 12062.0, 0.0], [2301.0, 0.0, 12735.0, 0.0], [2475.0, 0.0, 13468.0, 0.0], [2586.0, 0.0, 14274.0, 0.0], [2677.0, 0.0, 14991.0, 0.0], [2791.0, 0.0, 15762.0, 0.0], [2895.0, 0.0, 16440.0, 0.0], [3000.0, 0.0, 17223.0, 0.0], [3105.0, 0.0, 17874.0, 0.0], [3232.0, 0.0, 18600.0, 0.0], [3365.0, 0.0, 19240.0, 0.0], [3456.0, 0.0, 19906.0, 0.0], [3554.0, 0.0, 20651.0, 0.0], [3666.0, 0.0, 21381.0, 0.0], [3803.0, 0.0, 22056.0, 0.0], [3961.0, 0.0, 22712.0, 0.0], [4069.0, 0.0, 23485.0, 0.0], [4191.0, 0.0, 24299.0, 0.0], [4307.0, 0.0, 25022.0, 0.0], [4430.0, 0.0, 25703.0, 0.0], [4527.0, 0.0, 26324.0, 0.0], [4634.0, 0.0, 27112.0, 0.0], [4842.0, 0.0, 27897.0, 0.0], [4973.0, 0.0, 28506.0, 0.0]]
time = [0.999861629, 1.209664978, 1.527079722, 1.532325569, 1.501900952, 1.470406464, 1.655368933, 1.611793184, 1.606151444, 1.826712125, 2.080944266, 1.913073405, 2.258332529, 2.042071761, 2.120846709, 2.317750291, 2.427678129, 2.488924022, 2.631030507, 2.333163553, 2.303113738, 2.611825972, 2.64397763, 2.81594028, 2.958127409, 2.85143598, 3.028666971, 2.887374757, 3.073927806, 3.055447602, 3.161063798, 3.264332271, 3.367487434, 3.651865796, 3.890435026, 3.771913787, 3.834887728, 28.132385395, 4.374085302, 4.311394367]
optimality_gap = [0, 0, 0, 0, 0, 0, 0, 0, 0, 0, 0, 0, 0, 0, 0, 0, 0, 0, 0, 0, 0, 0, 0, 0, 0, 0, 0, 0, 0, 0, 0, 0, 0, 0, 0, 0, 0, 2, 0, 0]
final_time = [106, 226, 344, 475, 568, 706, 885, 982, 1082, 1240, 1384, 1523, 1671, 1780, 1904, 2018, 2151, 2301, 2475, 2586, 2677, 2791, 2895, 3000, 3105, 3232, 3365, 3456, 3554, 3666, 3803, 3961, 4069, 4191, 4307, 4430, 4527, 4747, 4842, 4973]
makespans = [106, 126, 164, 215, 228, 286, 385, 402, 422, 500, 564, 623, 691, 720, 764, 798, 851, 921, 1015, 1046, 1057, 1091, 1115, 1140, 1165, 1212, 1265, 1276, 1294, 1326, 1383, 1461, 1489, 1531, 1567, 1610, 1627, 1767, 1782, 1833]
optimal = [true, true, true, true, true, true, true, true, true, true, true, true, true, true, true, true, true, true, true, true, true, true, true, true, true, true, true, true, true, true, true, true, true, true, true, true, true, false, true, true]
arrival_time = [0, 100, 180, 260, 340, 420, 500, 580, 660, 740, 820, 900, 980, 1060, 1140, 1220, 1300, 1380, 1460, 1540, 1620, 1700, 1780, 1860, 1940, 2020, 2100, 2180, 2260, 2340, 2420, 2500, 2580, 2660, 2740, 2820, 2900, 2980, 3060, 3140]
feasible = [true, true, true, true, true, true, true, true, true, true, true, true, true, true, true, true, true, true, true, true, true, true, true, true, true, true, true, true, true, true, true, true, true, true, true, true, true, true, true, true]
