fallback_feasible = [true, true, true, true, true, true, true, true, true, true, true, true, true, true, true, true, true, true, true, true, false, true, false, true, true, true, true, true, true, true, true, true, true, true, true, true, true, true, true]
cost = [[99.0, 0.0, 426.0, 0.0], [258.0, 0.0, 845.0, 0.0], [362.0, 0.0, 1317.0, 0.0], [792.0, 1.0, 2143.0, 0.0], [924.0, 0.0, 2686.0, 0.0], [832.0, 0.0, 3230.0, 0.0], [1293.0, 0.0, 3799.0, 0.0], [1435.0, 0.0, 4146.0, 0.0], [1120.0, 0.0, 4637.0, 0.0], [1280.0, 0.0, 5070.0, 0.0], [2010.0, 0.0, 5521.0, 0.0], [2165.0, 0.0, 5994.0, 0.0], [2314.0, 0.0, 6437.0, 0.0], [1680.0, 0.0, 6869.0, 0.0], [1792.0, 0.0, 7361.0, 0.0], [1990.0, 0.0, 8151.0, 0.0], [3048.0, 0.0, 8627.0, 0.0], [2224.0, 0.0, 9275.0, 0.0], [2340.0, 0.0, 9779.0, 0.0], [3594.0, 0.0, 10244.0, 0.0], [5385.0, 0.0, 11103.0, 0.0], [7139.0, 0.0, 11865.0, 0.0], [8581.0, 0.0, 12487.0, 0.0], [7348.0, 0.0, 13067.0, 0.0], [7476.0, 0.0, 13606.0, 0.0], [4695.0, 0.0, 14126.0, 0.0], [3263.0, 0.0, 14485.0, 0.0], [5190.0, 0.0, 15287.0, 0.0], [5313.0, 0.0, 15737.0, 0.0], [7447.0, 0.0, 16579.0, 0.0], [9377.0, 0.0, 17149.0, 0.0], [7694.0, 0.0, 17662.0, 0.0], [5925.0, 0.0, 18071.0, 0.0], [6075.0, 0.0, 18561.0, 0.0], [4217.0, 0.0, 19053.0, 0.0], [4320.0, 1.0, 19482.0, 0.0], [4425.0, 0.0, 19972.0, 0.0], [4551.0, 0.0, 20385.0, 0.0], [4711.0, 0.0, 20888.0, 0.0], [4837.0, 0.0, 21393.0, 0.0]]
time = [0.713454882, 1.008511025, 5.228204924, 2.232736561, 1.453210229, 1.44860247, 1.364683805, 1.131906673, 1.14019334, 1.280112166, 1.537465818, 1.531417582, 1.533099599, 1.399298116, 7.8680916, 2.349776953, 1.941296613, 1.756240711, 1.614061502, 9.881449843, 7.315467994, 5.817737455, 4.134540009, 3.310775656, 2.449790899, 1.728654807, 7.46676091, 2.821057274, 19.127704282, 3.721409351, 3.385342013, 2.424064252, 1.765523678, 1.860556367, 1.934466261, 1.689750959, 2.03392045, 1.983724882, 2.071860091, 2.21938428]
optimality_gap = [0, 0, 3, 0, 0, 0, 0, 0, 0, 0, 0, 0, 0, 0, 2, 0, 0, 0, 0, 3, 196, 0, 0, 0, 0, 0, 3, 0, 3, 0, 0, 0, 0, 0, 0, 0, 0, 0, 0, 0]
final_time = [99, 230, 266, 296, 362, 470, 461, 504, 616, 664, 730, 771, 813, 879, 989, 1001, 1058, 1428, 1362, 1531, 1483, 1335, 1442, 1464, 1556, 1675, 1843, 1880, 1897, 1827, 1930, 1987, 2008, 2080, 2137, 2183, 2242, 2309, 2402, 2435]
makespans = [99, 150, 126, 96, 102, 150, 81, 64, 116, 104, 110, 91, 73, 79, 129, 81, 78, 388, 262, 371, 263, 55, 102, 64, 96, 155, 263, 240, 197, 67, 110, 107, 68, 80, 77, 63, 62, 69, 102, 75]
optimal = [true, true, false, true, true, true, true, true, true, true, true, true, true, true, false, true, true, true, true, false, false, true, true, true, true, true, false, true, false, true, true, true, true, true, true, true, true, true, true, true]
arrival_time = [0, 80, 140, 200, 260, 320, 380, 440, 500, 560, 620, 680, 740, 800, 860, 920, 980, 1040, 1100, 1160, 1220, 1280, 1340, 1400, 1460, 1520, 1580, 1640, 1700, 1760, 1820, 1880, 1940, 2000, 2060, 2120, 2180, 2240, 2300, 2360]
feasible = [true, true, true, true, true, true, true, true, true, true, true, true, true, true, true, true, true, true, true, true, true, true, true, true, true, true, true, true, true, true, true, true, true, true, true, true, true, true, true, true]
