fallback_feasible = [true, true, true, true, true, true, true, false]
cost = [[47.0, 0.0, 182.0, 0.0], [-1, -1, -1, -1], [-1, -1, -1, -1], [-1, -1, -1, -1], [-1, -1, -1, -1], [-1, -1, -1, -1], [-1, -1, -1, -1], [-1, -1, -1, -1], [-1, -1, -1, -1]]
time = [0.540294174, 0.102427812, 0.048879774, 0.048685427, 0.047688288, 0.076083573, 0.073774377, 0.060788466, 0.047458991]
optimality_gap = [0, 10000, 10000, 10000, 10000, 10000, 10000, 10000, 10000]
final_time = [47, 108, 154, 239, 289, 340, 416, 535, -1]
makespans = [47, 48, 54, 99, 109, 120, 156, 235, -341]
optimal = [true, false, false, false, false, false, false, false, false]
arrival_time = [0, 60, 100, 140, 180, 220, 260, 300, 340]
feasible = [true, false, false, false, false, false, false, false, false]
