fallback_feasible = [true, true, true, false, false]
cost = [[159.0, 0.0, 734.0, 0.0], [324.0, 0.0, 1429.0, 0.0], [742.0, 0.0, 2633.0, 0.0], [1076.0, 1.0, 3412.0, 0.0], [2057.0, 0.0, 4422.0, 0.0], [-1, -1, -1, -1]]
time = [1.306837279, 9.666730174, 4.138930188, 7.46666758, 11.493249062, 25.032678723]
optimality_gap = [0, 3, 0, 49, 190, 10000]
final_time = [549, 557, 510, 606, 586, -1]
makespans = [549, 477, 370, 406, 326, -321]
optimal = [true, false, true, false, false, false]
arrival_time = [0, 80, 140, 200, 260, 320]
feasible = [true, true, true, true, true, false]
