fallback_feasible = [true, true, true, true, false]
cost = [[102.0, 0.0, 632.0, 0.0], [341.0, 0.0, 1465.0, 0.0], [540.0, 0.0, 2263.0, 0.0], [916.0, 0.0, 3251.0, 0.0], [-1, -1, -1, -1], [-1, -1, -1, -1]]
time = [1.416271637, 1.271155578, 15.363243928, 10.562618358, 10.019752453, 10.204268072]
optimality_gap = [0, 0, 18, 68, 10000, 10000]
final_time = [102, 239, 383, 690, 861, -1]
makespans = [102, 139, 203, 430, 521, -421]
optimal = [true, true, false, false, false, false]
arrival_time = [0, 100, 180, 260, 340, 420]
feasible = [true, true, true, true, false, false]
