fallback_feasible = [true, true, true, true, true, true, true, false, true, true, true, true, true, true, true, true, true, true, true, true, true, true, true, true, true, true, true, true, false, true, true, true, true, true, false, false, true, true, true]
cost = [[129.0, 0.0, 707.0, 0.0], [390.0, 1.0, 1551.0, 0.0], [557.0, 0.0, 2306.0, 0.0], [948.0, 0.0, 3074.0, 0.0], [862.0, 0.0, 3912.0, 0.0], [1050.0, 0.0, 4667.0, 0.0], [1205.0, 0.0, 5517.0, 0.0], [1921.0, 0.0, 6144.0, 0.0], [1524.0, 1.0, 6984.0, 0.0], [1647.0, 0.0, 7647.0, 0.0], [1751.0, 0.0, 8255.0, 0.0], [1909.0, 0.0, 8956.0, 0.0], [2077.0, 0.0, 9605.0, 0.0], [2229.0, 0.0, 10285.0, 0.0], [2405.0, 0.0, 10915.0, 0.0], [2615.0, 0.0, 11681.0, 0.0], [2792.0, 0.0, 12326.0, 0.0], [2918.0, 0.0, 13176.0, 0.0], [3049.0, 0.0, 13784.0, 0.0], [3210.0, 0.0, 14447.0, 0.0], [3339.0, 0.0, 15220.0, 0.0], [5315.0, 0.0, 16548.0, 0.0], [5495.0, 0.0, 17319.0, 0.0], [3894.0, 1.0, 18067.0, 0.0], [4060.0, 0.0, 18904.0, 0.0], [4206.0, 1.0, 19603.0, 0.0], [4362.0, 0.0, 20296.0, 0.0], [4518.0, 1.0, 20976.0, 0.0], [-1, -1, -1, -1], [4882.0, 0.0, 22307.0, 0.0], [7409.0, 0.0, 23114.0, 0.0], [5125.0, 0.0, 23833.0, 0.0], [5312.0, 0.0, 24486.0, 0.0], [5479.0, 0.0, 25226.0, 0.0], [5661.0, 0.0, 26003.0, 0.0], [5874.0, 0.0, 26742.0, 0.0], [8904.0, 0.0, 27444.0, 0.0], [9092.0, 0.0, 28138.0, 0.0], [6261.0, 0.0, 28896.0, 0.0], [6425.0, 0.0, 29679.0, 0.0]]
time = [1.305747408, 1.630042896, 1.759264509, 1.905801777, 1.766760438, 1.784085026, 1.946704055, 1.778687133, 2.004558722, 2.379447938, 1.931744704, 1.884360717, 1.858564119, 2.388041362, 1.865720347, 2.110912405, 2.268080799, 2.288805275, 2.236005353, 2.204050198, 7.269361166, 5.63441288, 2.68768045, 2.653175174, 2.688825975, 2.617393004, 2.647149863, 2.803001767, 9.473298732, 3.807256105, 3.047555973, 2.789706378, 2.904956797, 3.008642664, 3.03979085, 3.390732569, 3.335802253, 3.140298642, 3.070744143, 3.041298389]
optimality_gap = [0, 0, 0, 0, 0, 0, 0, 0, 0, 0, 0, 0, 0, 0, 0, 0, 0, 0, 0, 0, 1, 0, 0, 0, 0, 0, 0, 0, 10000, 0, 0, 0, 0, 0, 0, 0, 0, 0, 0, 0]
final_time = [129, 261, 296, 391, 471, 579, 626, 716, 808, 839, 912, 997, 1080, 1149, 1256, 1359, 1433, 1485, 1564, 1729, 1772, 1814, 1909, 1985, 2075, 2131, 2231, 2287, 2423, 2459, 2527, 2598, 2714, 2765, 2896, 2978, 3030, 3084, 3177, 3248]
makespans = [129, 161, 116, 131, 131, 159, 126, 136, 148, 99, 92, 97, 100, 89, 116, 139, 133, 105, 104, 189, 152, 114, 129, 125, 135, 111, 131, 107, 163, 119, 107, 98, 134, 105, 156, 158, 130, 104, 117, 108]
optimal = [true, true, true, true, true, true, true, true, true, true, true, true, true, true, true, true, true, true, true, true, false, true, true, true, true, true, true, true, false, true, true, true, true, true, true, true, true, true, true, true]
arrival_time = [0, 100, 180, 260, 340, 420, 500, 580, 660, 740, 820, 900, 980, 1060, 1140, 1220, 1300, 1380, 1460, 1540, 1620, 1700, 1780, 1860, 1940, 2020, 2100, 2180, 2260, 2340, 2420, 2500, 2580, 2660, 2740, 2820, 2900, 2980, 3060, 3140]
feasible = [true, true, true, true, true, true, true, true, true, true, true, true, true, true, true, true, true, true, true, true, true, true, true, true, true, true, true, true, false, true, true, true, true, true, true, true, true, true, true, true]
