fallback_feasible = [true, true, false]
cost = [[166.0, 0.0, 494.0, 0.0], [432.0, 1.0, 1165.0, 0.0], [813.0, 0.0, 1746.0, 0.0], [-1, -1, -1, -1]]
time = [1.045270457, 15.224562504, 10.368704301, 15.767264878]
optimality_gap = [0, 14, 2, 10000]
final_time = [166, 358, 395, -1]
makespans = [166, 278, 255, -201]
optimal = [true, false, false, false]
arrival_time = [0, 80, 140, 200]
feasible = [true, true, true, false]
