fallback_feasible = [true, false]
cost = [[166.0, 0.0, 494.0, 0.0], [430.0, 0.0, 1124.0, 0.0], [-1, -1, -1, -1]]
time = [0.894930867, 15.107251655, 8.014677346]
optimality_gap = [0, 12, 10000]
final_time = [166, 356, -1]
makespans = [166, 276, -141]
optimal = [true, false, false]
arrival_time = [0, 80, 140]
feasible = [true, true, false]
