fallback_feasible = [true, true, true, true, false]
cost = [[115.0, 0.0, 602.0, 0.0], [330.0, 0.0, 1356.0, 0.0], [496.0, 0.0, 2035.0, 0.0], [-1, -1, -1, -1], [-1, -1, -1, -1], [-1, -1, -1, -1]]
time = [1.158350712, 2.386829925, 15.575875986, 15.536702296, 9.834507411, 10.118718693]
optimality_gap = [0, 0, 9, 10000, 10000, 10000]
final_time = [115, 215, 366, 521, 697, -1]
makespans = [115, 125, 206, 291, 397, -371]
optimal = [true, true, false, false, false, false]
arrival_time = [0, 90, 160, 230, 300, 370]
feasible = [true, true, true, false, false, false]
