fallback_feasible = [true, true, false, true, false]
cost = [[115.0, 0.0, 602.0, 0.0], [330.0, 0.0, 1381.0, 0.0], [503.0, 1.0, 2064.0, 0.0], [759.0, 0.0, 2991.0, 0.0], [-1, -1, -1, -1], [-1, -1, -1, -1]]
time = [0.8071214, 0.941306907, 15.502718796, 10.84958421, 14.476084034, 16.068689334]
optimality_gap = [0, 0, 9, 10, 10000, 10000]
final_time = [115, 215, 373, 463, 538, -1]
makespans = [115, 125, 213, 233, 238, -371]
optimal = [true, true, false, false, false, false]
arrival_time = [0, 90, 160, 230, 300, 370]
feasible = [true, true, true, true, false, false]
