fallback_feasible = [true, true, true, true, true, true, false]
cost = [[107.0, 0.0, 678.0, 0.0], [334.0, 0.0, 1504.0, 0.0], [531.0, 0.0, 2393.0, 0.0], [668.0, 0.0, 3237.0, 0.0], [907.0, 0.0, 4221.0, 0.0], [-1, -1, -1, -1], [1375.0, 2.0, 5650.0, 0.0], [-1, -1, -1, -1]]
time = [0.985019311, 1.404350014, 7.689296487, 15.367412773, 4.280316051, 9.501326599, 3.017564319, 9.599405755]
optimality_gap = [0, 0, 0, 3, 0, 10000, 0, 10000]
final_time = [107, 227, 304, 424, 483, 626, 749, -1]
makespans = [107, 127, 124, 164, 143, 206, 249, -581]
optimal = [true, true, true, false, true, false, true, false]
arrival_time = [0, 100, 180, 260, 340, 420, 500, 580]
feasible = [true, true, true, true, true, false, true, false]
