fallback_feasible = [true, true, true, true, false]
cost = [[107.0, 0.0, 678.0, 0.0], [334.0, 0.0, 1537.0, 0.0], [531.0, 0.0, 2477.0, 0.0], [765.0, 0.0, 3619.0, 0.0], [-1, -1, -1, -1], [-1, -1, -1, -1]]
time = [1.138546381, 1.543339733, 15.540571614, 16.513497412, 9.625291204, 9.708017477]
optimality_gap = [0, 0, 6, 23, 10000, 10000]
final_time = [107, 227, 387, 441, 523, -1]
makespans = [107, 127, 207, 181, 183, -421]
optimal = [true, true, false, false, false, false]
arrival_time = [0, 100, 180, 260, 340, 420]
feasible = [true, true, true, true, false, false]
