fallback_feasible = [true, true, true, true, true, true, true, false, true, true, false, false, true, true, true, true, true, true, true, true, true, true, true, false, false, false, false]
cost = [[169.0, 0.0, 706.0, 0.0], [330.0, 1.0, 1548.0, 0.0], [568.0, 0.0, 2344.0, 0.0], [526.0, 1.0, 3056.0, 0.0], [620.0, 0.0, 3739.0, 0.0], [1199.0, 0.0, 4916.0, 0.0], [1670.0, 0.0, 5599.0, 0.0], [2146.0, 0.0, 6787.0, 0.0], [2746.0, 0.0, 7591.0, 0.0], [3360.0, 0.0, 8964.0, 0.0], [-1, -1, -1, -1], [5633.0, 0.0, 11002.0, 0.0], [5810.0, 0.0, 11930.0, 0.0], [5988.0, 0.0, 12640.0, 0.0], [4535.0, 0.0, 13385.0, 0.0], [3840.0, 1.0, 13995.0, 0.0], [3058.0, 0.0, 14828.0, 0.0], [2236.0, 0.0, 15530.0, 0.0], [3408.0, 0.0, 16212.0, 0.0], [3529.0, 0.0, 16934.0, 0.0], [2543.0, 0.0, 17706.0, 0.0], [2747.0, 0.0, 18404.0, 0.0], [4193.0, 0.0, 19051.0, 0.0], [4380.0, 0.0, 19779.0, 0.0], [6406.0, 0.0, 20877.0, 0.0], [8981.0, 1.0, 21868.0, 0.0], [10662.0, 0.0, 22738.0, 0.0], [-1, -1, -1, -1]]
time = [1.528624392, 1.857622351, 1.780844371, 1.581714807, 6.374901206, 3.566198436, 9.228834882, 3.81760808, 16.512244072, 15.782875413, 112.192683249, 59.680424092, 18.784123122, 7.895429822, 6.274905033, 2.981113762, 2.049716754, 2.258517641, 2.059030147, 1.84505991, 2.068177863, 2.42835778, 2.390122753, 12.815649081, 10.878634575, 10.317025895, 6.756876388, 28.153519306]
optimality_gap = [0, 0, 0, 0, 2, 0, 1, 0, 2, 80, 10000, 0, 0, 0, 0, 0, 0, 0, 0, 0, 0, 0, 0, 3, 48, 0, 0, 10000]
final_time = [169, 161, 238, 372, 672, 749, 797, 524, 845, 817, 967, 786, 849, 927, 947, 999, 1092, 1144, 1172, 1213, 1330, 1784, 1814, 1927, 1802, 1654, 1681, -1]
makespans = [169, 81, 98, 172, 412, 429, 417, 84, 345, 257, 347, 106, 109, 127, 87, 79, 112, 104, 72, 53, 110, 504, 474, 527, 342, 134, 101, -1641]
optimal = [true, true, true, true, false, true, false, true, false, false, false, true, true, true, true, true, true, true, true, true, true, true, true, false, false, true, true, false]
arrival_time = [0, 80, 140, 200, 260, 320, 380, 440, 500, 560, 620, 680, 740, 800, 860, 920, 980, 1040, 1100, 1160, 1220, 1280, 1340, 1400, 1460, 1520, 1580, 1640]
feasible = [true, true, true, true, true, true, true, true, true, true, false, true, true, true, true, true, true, true, true, true, true, true, true, true, true, true, true, false]
