fallback_feasible = [true, true, true, true, true, true, true, false, true, true, true, true, true, true, true, true, true, true, true, true, false, true, true, true, true, true, true, true, true, true, true, true, true, true, true, true, true, true, true]
cost = [[73.0, 0.0, 185.0, 0.0], [167.0, 0.0, 403.0, 0.0], [340.0, 0.0, 624.0, 0.0], [374.0, 0.0, 844.0, 0.0], [599.0, 0.0, 1126.0, 0.0], [932.0, 0.0, 1457.0, 0.0], [1214.0, 0.0, 1863.0, 0.0], [1506.0, 0.0, 2145.0, 0.0], [1825.0, 0.0, 2435.0, 0.0], [2183.0, 0.0, 2619.0, 0.0], [1686.0, 0.0, 2834.0, 0.0], [1170.0, 0.0, 3115.0, 0.0], [1252.0, 0.0, 3409.0, 0.0], [1364.0, 0.0, 3652.0, 0.0], [1854.0, 0.0, 3893.0, 0.0], [1632.0, 0.0, 4301.0, 0.0], [2222.0, 0.0, 4501.0, 0.0], [2810.0, 0.0, 4720.0, 0.0], [1793.0, 0.0, 4965.0, 0.0], [2484.0, 0.0, 5324.0, 0.0], [1998.0, 0.0, 5520.0, 0.0], [2093.0, 0.0, 5721.0, 0.0], [2843.0, 0.0, 5991.0, 0.0], [2285.0, 0.0, 6255.0, 0.0], [2382.0, 0.0, 6506.0, 0.0], [2470.0, 0.0, 6717.0, 0.0], [3367.0, 0.0, 6965.0, 0.0], [3434.0, 0.0, 7198.0, 0.0], [2689.0, 1.0, 7449.0, 0.0], [2781.0, 0.0, 7699.0, 0.0], [2928.0, 0.0, 8018.0, 0.0], [3027.0, 0.0, 8230.0, 0.0], [3131.0, 0.0, 8479.0, 0.0], [4240.0, 0.0, 8740.0, 0.0], [4341.0, 0.0, 8949.0, 0.0], [4456.0, 0.0, 9232.0, 0.0], [4546.0, 0.0, 9438.0, 0.0], [3520.0, 1.0, 9669.0, 0.0], [4753.0, 0.0, 9898.0, 0.0], [3703.0, 0.0, 10149.0, 0.0]]
time = [0.445385257, 0.566398644, 0.922374761, 0.711148657, 0.799610045, 2.765548446, 1.726762043, 1.764436407, 1.788550893, 1.217067819, 1.007461758, 1.038854731, 0.794849518, 0.811584022, 2.291534205, 1.484990199, 1.623719117, 1.248502011, 1.018966995, 1.048292891, 1.050442393, 1.356109901, 2.029768249, 1.263364088, 0.929056503, 1.010722725, 1.204735757, 1.140966425, 1.069030372, 1.115259632, 1.067588273, 1.371794849, 1.269453145, 1.518649488, 1.549703348, 1.281740306, 1.278780492, 1.198620369, 1.108386575, 1.094939927]
optimality_gap = [0, 0, 0, 0, 0, 106, 0, 0, 0, 0, 0, 0, 0, 0, 1, 0, 0, 0, 0, 0, 0, 0, 0, 0, 0, 0, 0, 0, 0, 0, 0, 0, 0, 0, 0, 0, 0, 0, 0, 0]
final_time = [73, 94, 173, 300, 284, 316, 314, 292, 319, 358, 379, 433, 441, 547, 543, 543, 590, 587, 616, 691, 692, 711, 750, 824, 808, 838, 897, 875, 917, 967, 1044, 1016, 1071, 1109, 1117, 1159, 1161, 1200, 1233, 1270]
makespans = [73, 44, 93, 190, 144, 146, 114, 62, 59, 68, 59, 83, 61, 137, 103, 73, 90, 57, 56, 101, 72, 61, 70, 114, 68, 68, 97, 45, 57, 77, 124, 66, 91, 99, 77, 89, 61, 70, 73, 80]
optimal = [true, true, true, true, true, false, true, true, true, true, true, true, true, true, false, true, true, true, true, true, true, true, true, true, true, true, true, true, true, true, true, true, true, true, true, true, true, true, true, true]
arrival_time = [0, 50, 80, 110, 140, 170, 200, 230, 260, 290, 320, 350, 380, 410, 440, 470, 500, 530, 560, 590, 620, 650, 680, 710, 740, 770, 800, 830, 860, 890, 920, 950, 980, 1010, 1040, 1070, 1100, 1130, 1160, 1190]
feasible = [true, true, true, true, true, true, true, true, true, true, true, true, true, true, true, true, true, true, true, true, true, true, true, true, true, true, true, true, true, true, true, true, true, true, true, true, true, true, true, true]
