fallback_feasible = [true, true, false, true, false]
cost = [[129.0, 0.0, 707.0, 0.0], [423.0, 0.0, 1627.0, 0.0], [-1, -1, -1, -1], [1250.0, 6.0, 3122.0, 0.0], [-1, -1, -1, -1], [-1, -1, -1, -1]]
time = [1.182752756, 2.746791803, 9.318851719, 17.02276947, 17.305716157, 10.502288303]
optimality_gap = [0, 0, 10000, 67, 10000, 10000]
final_time = [129, 294, 479, 657, 799, -1]
makespans = [129, 194, 299, 397, 459, -421]
optimal = [true, true, false, false, false, false]
arrival_time = [0, 100, 180, 260, 340, 420]
feasible = [true, true, false, true, false, false]
