fallback_feasible = [true, false, false, true, true, true, false, false, false, true, false, true, true, false, false, false, false, true, true, true, false, false, false, false, false]
cost = [[82.0, 0.0, 236.0, 0.0], [207.0, 0.0, 507.0, 0.0], [380.0, 0.0, 821.0, 0.0], [546.0, 0.0, 1020.0, 0.0], [703.0, 0.0, 1325.0, 0.0], [910.0, 0.0, 1552.0, 0.0], [1103.0, 1.0, 1833.0, 0.0], [1398.0, 0.0, 2080.0, 0.0], [1544.0, 3.0, 2287.0, 0.0], [1681.0, 5.0, 2514.0, 0.0], [2036.0, 0.0, 2782.0, 0.0], [2500.0, 0.0, 3072.0, 0.0], [2767.0, 0.0, 3361.0, 0.0], [2679.0, 2.0, 3610.0, 0.0], [3144.0, 2.0, 3894.0, 0.0], [3024.0, 2.0, 4076.0, 0.0], [3191.0, 4.0, 4314.0, 0.0], [3725.0, 5.0, 4590.0, 0.0], [4285.0, 5.0, 4874.0, 0.0], [4532.0, 5.0, 5205.0, 0.0], [-1, -1, -1, -1], [5827.0, 1.0, 5669.0, 0.0], [5567.0, 2.0, 5896.0, 0.0], [5857.0, 1.0, 6206.0, 0.0], [6021.0, 1.0, 6418.0, 0.0], [-1, -1, -1, -1]]
time = [0.62347942, 0.900310995, 1.208334644, 1.630572255, 1.991347526, 5.275888092, 2.427920336, 2.4117479, 2.561794937, 2.850969297, 7.019364818, 10.301183797, 4.020763721, 4.218079936, 3.935151988, 4.01623802, 4.494676084, 5.438757681, 5.677367287, 5.65454933, 11.234450475, 7.066492277, 11.49673228, 6.197392081, 7.519977057, 10.936732457]
optimality_gap = [0, 0, 0, 0, 0, 1, 0, 0, 0, 0, 2, 1, 0, 0, 0, 0, 0, 0, 0, 0, 10000, 0, 1, 0, 0, 10000]
final_time = [82, 125, 173, 166, 240, 257, 268, 296, 312, 310, 444, 502, 378, 437, 469, 491, 479, 535, 563, 632, 669, 607, 730, 649, 643, -1]
makespans = [82, 85, 113, 86, 140, 137, 128, 136, 132, 110, 224, 262, 118, 157, 169, 171, 139, 175, 183, 232, 249, 167, 270, 169, 143, -521]
optimal = [true, true, true, true, true, false, true, true, true, true, false, false, true, true, true, true, true, true, true, true, false, true, false, true, true, false]
arrival_time = [0, 40, 60, 80, 100, 120, 140, 160, 180, 200, 220, 240, 260, 280, 300, 320, 340, 360, 380, 400, 420, 440, 460, 480, 500, 520]
feasible = [true, true, true, true, true, true, true, true, true, true, true, true, true, true, true, true, true, true, true, true, false, true, true, true, true, false]
