fallback_feasible = [true, false, true, false, true, false, true, false, false, false, true, true, false, false, false, true, true, true, false, false]
cost = [[105.0, 0.0, 253.0, 0.0], [251.0, 0.0, 532.0, 0.0], [434.0, 0.0, 842.0, 0.0], [631.0, 0.0, 1090.0, 0.0], [861.0, 0.0, 1294.0, 0.0], [1000.0, 2.0, 1492.0, 0.0], [1278.0, 1.0, 1803.0, 0.0], [1443.0, 3.0, 2109.0, 0.0], [1771.0, 4.0, 2354.0, 0.0], [1921.0, 0.0, 2616.0, 0.0], [2089.0, 0.0, 2915.0, 0.0], [2279.0, 1.0, 3229.0, 0.0], [2412.0, 2.0, 3462.0, 0.0], [2820.0, 3.0, 3707.0, 0.0], [2998.0, 1.0, 3957.0, 0.0], [3462.0, 1.0, 4185.0, 0.0], [3298.0, 2.0, 4483.0, 0.0], [3453.0, 0.0, 4762.0, 0.0], [3625.0, 2.0, 5031.0, 0.0], [3815.0, 2.0, 5302.0, 0.0], [-1, -1, -1, -1]]
time = [0.525570356, 0.639101084, 1.206967779, 1.771138484, 2.108123878, 2.066259583, 2.685731828, 2.980446264, 3.045949603, 3.119004322, 3.252360071, 3.809502233, 4.012135257, 4.168308638, 4.728129922, 4.305160744, 4.478717241, 4.502409661, 5.13856571, 4.844179562, 7.696986942]
optimality_gap = [0, 0, 0, 0, 0, 0, 0, 0, 0, 0, 0, 0, 0, 0, 0, 0, 0, 0, 0, 0, 10000]
final_time = [105, 146, 183, 197, 230, 244, 278, 311, 328, 333, 365, 420, 377, 408, 456, 464, 475, 488, 537, 567, -1]
makespans = [105, 106, 123, 117, 130, 124, 138, 151, 148, 133, 145, 180, 117, 128, 156, 144, 135, 128, 157, 167, -421]
optimal = [true, true, true, true, true, true, true, true, true, true, true, true, true, true, true, true, true, true, true, true, false]
arrival_time = [0, 40, 60, 80, 100, 120, 140, 160, 180, 200, 220, 240, 260, 280, 300, 320, 340, 360, 380, 400, 420]
feasible = [true, true, true, true, true, true, true, true, true, true, true, true, true, true, true, true, true, true, true, true, false]
