fallback_feasible = [true, true, true, true, true, true, true, true, true, true, false]
cost = [[104.0, 0.0, 575.0, 0.0], [286.0, 0.0, 1217.0, 0.0], [485.0, 0.0, 1810.0, 0.0], [703.0, 0.0, 2597.0, 0.0], [867.0, 0.0, 3374.0, 0.0], [963.0, 0.0, 4029.0, 0.0], [1099.0, 0.0, 4633.0, 0.0], [1279.0, 0.0, 5324.0, 0.0], [1444.0, 0.0, 6081.0, 0.0], [1662.0, 0.0, 6798.0, 0.0], [1982.0, 0.0, 7475.0, 0.0], [-1, -1, -1, -1]]
time = [0.932008475, 1.520298835, 1.531083507, 1.872757209, 1.790372609, 1.470337375, 1.573575614, 1.976471502, 1.763311566, 1.770027481, 5.470527481, 10.0205645]
optimality_gap = [0, 0, 0, 0, 0, 0, 0, 0, 0, 0, 155, 10000]
final_time = [104, 182, 303, 400, 467, 496, 603, 676, 768, 1086, 1176, -1]
makespans = [104, 82, 123, 140, 127, 76, 103, 96, 108, 346, 356, -901]
optimal = [true, true, true, true, true, true, true, true, true, true, false, false]
arrival_time = [0, 100, 180, 260, 340, 420, 500, 580, 660, 740, 820, 900]
feasible = [true, true, true, true, true, true, true, true, true, true, true, false]
