fallback_feasible = [true, true, true, true, false, true, false, true, true, true, true, true, true, true, true, true, true, true, true, true, true, true, false, true, true, true, false, false, false, false]
cost = [[72.0, 0.0, 216.0, 0.0], [220.0, 0.0, 423.0, 0.0], [384.0, 0.0, 695.0, 0.0], [534.0, 1.0, 1007.0, 0.0], [617.0, 0.0, 1233.0, 0.0], [1152.0, 0.0, 1584.0, 0.0], [1506.0, 0.0, 1880.0, 0.0], [1733.0, 0.0, 2205.0, 0.0], [1998.0, 0.0, 2545.0, 0.0], [2081.0, 1.0, 2823.0, 0.0], [2156.0, 0.0, 3089.0, 0.0], [2038.0, 0.0, 3338.0, 0.0], [2353.0, 0.0, 3603.0, 0.0], [2435.0, 0.0, 3858.0, 0.0], [1968.0, 0.0, 4097.0, 0.0], [2059.0, 0.0, 4351.0, 0.0], [1482.0, 0.0, 4584.0, 0.0], [1591.0, 0.0, 4859.0, 0.0], [1754.0, 0.0, 5110.0, 0.0], [1468.0, 0.0, 5370.0, 0.0], [1942.0, 0.0, 5605.0, 0.0], [2440.0, 0.0, 5852.0, 0.0], [2979.0, 0.0, 6148.0, 0.0], [3472.0, 0.0, 6553.0, 0.0], [4039.0, 1.0, 6816.0, 0.0], [4624.0, 1.0, 7043.0, 0.0], [5256.0, 0.0, 7416.0, 0.0], [5752.0, 0.0, 7974.0, 0.0], [8116.0, 0.0, 8388.0, 0.0], [10296.0, 0.0, 8662.0, 0.0], [-1, -1, -1, -1]]
time = [0.701383798, 0.759552638, 1.055450331, 1.556479338, 5.440419518, 3.858364662, 1.7173202, 1.965505027, 3.338606953, 2.133356505, 2.191847825, 1.9494929, 1.806581145, 1.265340376, 1.278651041, 1.080792427, 0.970954992, 1.001067477, 1.326223154, 1.233557425, 1.294903643, 1.606905031, 9.161631179, 2.300199066, 2.121111406, 2.190857545, 6.669457699, 6.91831346, 7.804664532, 8.641028498, 10.232417319]
optimality_gap = [0, 0, 0, 0, 1, 119, 0, 0, 0, 0, 0, 0, 0, 0, 0, 0, 0, 0, 0, 0, 0, 0, 1, 0, 0, 0, 1, 9, 391, 0, 10000]
final_time = [72, 297, 207, 189, 273, 325, 215, 227, 265, 272, 282, 324, 315, 347, 360, 388, 387, 456, 968, 940, 967, 839, 978, 550, 917, 982, 1055, 1000, 958, 692, -1]
makespans = [72, 257, 147, 109, 173, 205, 75, 67, 85, 72, 62, 84, 55, 67, 60, 68, 47, 96, 588, 540, 547, 399, 518, 70, 417, 462, 515, 440, 378, 92, -621]
optimal = [true, true, true, true, false, false, true, true, true, true, true, true, true, true, true, true, true, true, true, true, true, true, false, true, true, true, false, false, false, true, false]
arrival_time = [0, 40, 60, 80, 100, 120, 140, 160, 180, 200, 220, 240, 260, 280, 300, 320, 340, 360, 380, 400, 420, 440, 460, 480, 500, 520, 540, 560, 580, 600, 620]
feasible = [true, true, true, true, true, true, true, true, true, true, true, true, true, true, true, true, true, true, true, true, true, true, true, true, true, true, true, true, true, true, false]
