fallback_feasible = [true, true, true, true, true, true, true, true, true, true, true, true, true, true, true, true, true, true, true, true, true, true, true, true, true, true, false]
cost = [[92.0, 0.0, 232.0, 0.0], [202.0, 0.0, 538.0, 0.0], [358.0, 0.0, 807.0, 0.0], [529.0, 0.0, 1055.0, 0.0], [527.0, 0.0, 1363.0, 0.0], [747.0, 0.0, 1624.0, 0.0], [705.0, 0.0, 1921.0, 0.0], [799.0, 0.0, 2203.0, 0.0], [943.0, 0.0, 2459.0, 0.0], [1625.0, 0.0, 2840.0, 0.0], [1968.0, 0.0, 3057.0, 0.0], [2373.0, 0.0, 3289.0, 0.0], [2121.0, 0.0, 3576.0, 0.0], [2578.0, 0.0, 3781.0, 0.0], [1848.0, 0.0, 3974.0, 0.0], [1909.0, 1.0, 4170.0, 0.0], [1060.0, 0.0, 4426.0, 0.0], [1139.0, 0.0, 4610.0, 0.0], [1802.0, 0.0, 4865.0, 0.0], [1874.0, 0.0, 5129.0, 0.0], [1993.0, 0.0, 5367.0, 0.0], [2055.0, 0.0, 5570.0, 0.0], [2948.0, 0.0, 6009.0, 0.0], [3745.0, 1.0, 6264.0, 0.0], [4545.0, 0.0, 6518.0, 0.0], [3184.0, 0.0, 6785.0, 0.0], [3273.0, 2.0, 7061.0, 0.0], [-1, -1, -1, -1]]
time = [0.695783387, 0.579114055, 0.962755258, 1.059912327, 0.677321523, 0.703799135, 1.009246234, 1.064974244, 4.907952892, 1.87776261, 2.088291043, 1.681269062, 1.764594207, 1.570362628, 1.006632053, 0.874396529, 0.948051982, 0.875605435, 1.100482994, 1.115515018, 1.170353653, 2.861730322, 1.681620156, 1.958272448, 1.489622599, 1.375631944, 10.217621983, 66.555666385]
optimality_gap = [0, 0, 0, 0, 0, 0, 0, 0, 2, 0, 0, 0, 0, 0, 0, 0, 0, 0, 0, 0, 0, 1, 0, 0, 0, 0, 4, 10000]
final_time = [92, 110, 156, 171, 200, 220, 391, 409, 475, 350, 343, 405, 441, 457, 475, 502, 558, 581, 721, 630, 748, 753, 726, 846, 851, 892, 908, -1]
makespans = [92, 60, 76, 61, 60, 50, 191, 179, 215, 60, 23, 55, 61, 47, 35, 32, 58, 51, 161, 40, 128, 103, 46, 136, 111, 122, 108, -831]
optimal = [true, true, true, true, true, true, true, true, false, true, true, true, true, true, true, true, true, true, true, true, true, false, true, true, true, true, false, false]
arrival_time = [0, 50, 80, 110, 140, 170, 200, 230, 260, 290, 320, 350, 380, 410, 440, 470, 500, 530, 560, 590, 620, 650, 680, 710, 740, 770, 800, 830]
feasible = [true, true, true, true, true, true, true, true, true, true, true, true, true, true, true, true, true, true, true, true, true, true, true, true, true, true, true, false]
