fallback_feasible = [true, true, true, true, true, true, true, true, true, true, true, true, true, true, true, true, true, true, true, true, true, true, true, true, true, true, true, true, true, true, true, true, true, true, true, true, true, true, true]
cost = [[97.0, 0.0, 462.0, 0.0], [273.0, 0.0, 886.0, 0.0], [396.0, 1.0, 1361.0, 0.0], [509.0, 0.0, 1739.0, 0.0], [676.0, 0.0, 2216.0, 0.0], [782.0, 0.0, 2657.0, 0.0], [1245.0, 0.0, 3101.0, 0.0], [961.0, 0.0, 3547.0, 0.0], [1107.0, 0.0, 4014.0, 0.0], [1250.0, 0.0, 4473.0, 0.0], [1933.0, 0.0, 4880.0, 0.0], [1471.0, 0.0, 5328.0, 0.0], [1624.0, 0.0, 5773.0, 0.0], [2528.0, 0.0, 6245.0, 0.0], [1901.0, 1.0, 6707.0, 0.0], [2952.0, 0.0, 7240.0, 0.0], [3150.0, 0.0, 7846.0, 0.0], [3300.0, 0.0, 8325.0, 0.0], [3458.0, 0.0, 8813.0, 0.0], [3599.0, 1.0, 9255.0, 0.0], [3783.0, 0.0, 9686.0, 0.0], [2703.0, 0.0, 10281.0, 0.0], [4121.0, 0.0, 10811.0, 0.0], [2923.0, 0.0, 11279.0, 0.0], [3053.0, 0.0, 11667.0, 0.0], [4648.0, 0.0, 12090.0, 0.0], [3248.0, 0.0, 12511.0, 0.0], [3364.0, 0.0, 12933.0, 0.0], [3502.0, 0.0, 13430.0, 0.0], [3647.0, 0.0, 13888.0, 0.0], [3810.0, 0.0, 14344.0, 0.0], [3918.0, 0.0, 14750.0, 0.0], [5943.0, 0.0, 15267.0, 0.0], [4087.0, 0.0, 15739.0, 0.0], [4209.0, 0.0, 16258.0, 0.0], [4335.0, 0.0, 16647.0, 0.0], [4461.0, 0.0, 17148.0, 0.0], [4595.0, 0.0, 17622.0, 0.0], [4721.0, 0.0, 18167.0, 0.0], [-1, -1, -1, -1]]
time = [0.915144624, 0.87954198, 1.051385671, 1.222848488, 1.258841114, 1.30241819, 1.615887689, 0.982830169, 1.086438705, 1.303307338, 1.326659629, 1.186189482, 1.347054123, 1.743551671, 1.427981171, 1.653065781, 2.002626109, 1.643462741, 1.916407625, 1.609370468, 1.850779514, 1.865050751, 1.755081802, 1.726048333, 1.607876565, 1.730024454, 1.618585291, 1.458716565, 1.827492936, 1.707336018, 1.946212675, 1.619016343, 1.836964176, 1.604436968, 1.837677269, 1.851714317, 2.000391234, 2.053498713, 5.334894643, 6.26799515]
optimality_gap = [0, 0, 0, 0, 0, 0, 0, 0, 0, 0, 0, 0, 0, 0, 0, 0, 0, 0, 0, 0, 0, 0, 0, 0, 0, 0, 0, 0, 0, 0, 0, 0, 0, 0, 0, 0, 0, 0, 1, 10000]
final_time = [97, 176, 220, 289, 387, 395, 463, 498, 609, 641, 683, 788, 836, 904, 997, 1051, 1102, 1147, 1209, 1243, 1331, 1372, 1418, 1505, 1548, 1595, 1653, 1711, 1791, 1856, 1954, 1964, 2025, 2062, 2147, 2188, 2273, 2415, 2502, 2549]
makespans = [97, 96, 80, 89, 127, 75, 83, 58, 109, 81, 63, 108, 96, 104, 137, 131, 122, 107, 109, 83, 111, 92, 78, 105, 88, 75, 73, 71, 91, 96, 134, 84, 85, 62, 87, 68, 93, 175, 202, 189]
optimal = [true, true, true, true, true, true, true, true, true, true, true, true, true, true, true, true, true, true, true, true, true, true, true, true, true, true, true, true, true, true, true, true, true, true, true, true, true, true, false, false]
arrival_time = [0, 80, 140, 200, 260, 320, 380, 440, 500, 560, 620, 680, 740, 800, 860, 920, 980, 1040, 1100, 1160, 1220, 1280, 1340, 1400, 1460, 1520, 1580, 1640, 1700, 1760, 1820, 1880, 1940, 2000, 2060, 2120, 2180, 2240, 2300, 2360]
feasible = [true, true, true, true, true, true, true, true, true, true, true, true, true, true, true, true, true, true, true, true, true, true, true, true, true, true, true, true, true, true, true, true, true, true, true, true, true, true, true, false]
