fallback_feasible = [true, true, true, true, true, true, true, true, true, true, true, true, true, true, true, true, true, true, false]
cost = [[126.0, 0.0, 714.0, 0.0], [305.0, 0.0, 1360.0, 0.0], [432.0, 0.0, 1984.0, 0.0], [627.0, 1.0, 2668.0, 0.0], [859.0, 0.0, 3515.0, 0.0], [1059.0, 0.0, 4279.0, 0.0], [1697.0, 0.0, 4950.0, 0.0], [2029.0, 0.0, 6115.0, 0.0], [2787.0, 0.0, 6931.0, 0.0], [1622.0, 0.0, 7686.0, 0.0], [1806.0, 0.0, 8431.0, 0.0], [1958.0, 0.0, 9147.0, 0.0], [2102.0, 2.0, 9892.0, 0.0], [2258.0, 0.0, 10553.0, 0.0], [2434.0, 0.0, 11399.0, 0.0], [2593.0, 0.0, 12290.0, 0.0], [2718.0, 0.0, 12932.0, 0.0], [4410.0, 0.0, 14072.0, 0.0], [4566.0, 2.0, 14868.0, 0.0], [-1, -1, -1, -1]]
time = [1.230381839, 1.415695277, 1.290926453, 1.573474746, 1.752696188, 1.969021268, 4.522189587, 3.594469178, 2.216191929, 1.770545053, 1.76461507, 2.325904529, 1.845689093, 1.886561606, 2.379753134, 2.206492339, 5.748155125, 4.023201373, 10.825894595, 111.370151925]
optimality_gap = [0, 0, 0, 0, 0, 0, 55, 0, 0, 0, 0, 0, 0, 0, 0, 0, 1, 0, 1, 10000]
final_time = [126, 179, 253, 374, 485, 686, 699, 644, 758, 864, 942, 1016, 1086, 1172, 1262, 1419, 1645, 1607, 1704, -1]
makespans = [126, 79, 73, 114, 145, 266, 199, 64, 98, 124, 122, 116, 106, 112, 122, 199, 345, 227, 244, -1541]
optimal = [true, true, true, true, true, true, false, true, true, true, true, true, true, true, true, true, false, true, false, false]
arrival_time = [0, 100, 180, 260, 340, 420, 500, 580, 660, 740, 820, 900, 980, 1060, 1140, 1220, 1300, 1380, 1460, 1540]
feasible = [true, true, true, true, true, true, true, true, true, true, true, true, true, true, true, true, true, true, true, false]
