fallback_feasible = [true, true, true, true, true, true, true, true, true, true, true, true, true, true, true, true, true, true, true, true, true, true, true, true, false]
cost = [[83.0, 0.0, 635.0, 0.0], [250.0, 0.0, 1276.0, 0.0], [434.0, 0.0, 2013.0, 0.0], [595.0, 0.0, 2755.0, 0.0], [774.0, 0.0, 3591.0, 0.0], [901.0, 0.0, 4262.0, 0.0], [1413.0, 0.0, 5007.0, 0.0], [1133.0, 0.0, 5745.0, 0.0], [1313.0, 0.0, 6475.0, 0.0], [1441.0, 0.0, 7160.0, 0.0], [1554.0, 0.0, 7870.0, 0.0], [1729.0, 0.0, 8614.0, 0.0], [1869.0, 0.0, 9517.0, 0.0], [2899.0, 0.0, 10293.0, 0.0], [2136.0, 0.0, 10993.0, 0.0], [2239.0, 0.0, 11690.0, 0.0], [2377.0, 1.0, 12346.0, 0.0], [2553.0, 0.0, 12967.0, 0.0], [2662.0, 0.0, 13668.0, 0.0], [2784.0, 0.0, 14386.0, 0.0], [2974.0, 0.0, 14950.0, 0.0], [3154.0, 0.0, 15752.0, 0.0], [4816.0, 0.0, 16575.0, 0.0], [5007.0, 0.0, 17213.0, 0.0], [3545.0, 3.0, 17974.0, 0.0], [-1, -1, -1, -1]]
time = [1.120659629, 1.186351685, 1.375507493, 1.737584232, 2.018581772, 1.771983779, 1.702480456, 1.612005627, 1.823225655, 1.667207421, 1.908816999, 1.809391201, 2.145606807, 2.157964317, 2.294260365, 2.453952187, 1.869336567, 1.918162271, 2.107178492, 2.111503755, 1.877022156, 2.459628287, 2.406708817, 2.562307582, 15.945568494, 111.047819813]
optimality_gap = [0, 0, 0, 0, 0, 0, 0, 0, 0, 0, 0, 0, 0, 0, 0, 0, 0, 0, 0, 0, 0, 0, 0, 0, 1, 10000]
final_time = [83, 167, 267, 328, 446, 455, 512, 621, 692, 749, 805, 924, 945, 1030, 1106, 1133, 1244, 1309, 1353, 1431, 1543, 1611, 1662, 1847, 1923, -1]
makespans = [83, 77, 107, 98, 146, 85, 72, 111, 112, 99, 85, 134, 85, 100, 106, 63, 104, 99, 73, 81, 123, 121, 102, 217, 223, -1771]
optimal = [true, true, true, true, true, true, true, true, true, true, true, true, true, true, true, true, true, true, true, true, true, true, true, true, false, false]
arrival_time = [0, 90, 160, 230, 300, 370, 440, 510, 580, 650, 720, 790, 860, 930, 1000, 1070, 1140, 1210, 1280, 1350, 1420, 1490, 1560, 1630, 1700, 1770]
feasible = [true, true, true, true, true, true, true, true, true, true, true, true, true, true, true, true, true, true, true, true, true, true, true, true, true, false]
