fallback_feasible = [true, true, true, true, false]
cost = [[106.0, 0.0, 431.0, 0.0], [280.0, 0.0, 999.0, 0.0], [-1, -1, -1, -1], [-1, -1, -1, -1], [1080.0, 2.0, 2172.0, 0.0], [-1, -1, -1, -1]]
time = [1.021796233, 14.772149922, 9.313406894, 9.339860198, 8.537179629, 9.904225047]
optimality_gap = [0, 0, 10000, 10000, 0, 10000]
final_time = [106, 175, 257, 352, 297, -1]
makespans = [106, 115, 157, 212, 117, -221]
optimal = [true, true, false, false, true, false]
arrival_time = [0, 60, 100, 140, 180, 220]
feasible = [true, true, false, false, true, false]
