fallback_feasible = [true, true, true, false]
cost = [[92.0, 0.0, 636.0, 0.0], [292.0, 0.0, 1448.0, 0.0], [535.0, 0.0, 2243.0, 0.0], [-1, -1, -1, -1], [-1, -1, -1, -1]]
time = [1.105843329, 1.665285265, 2.064508506, 10.938713253, 9.809770241]
optimality_gap = [0, 0, 0, 10000, 10000]
final_time = [92, 200, 335, 491, -1]
makespans = [92, 110, 175, 261, -301]
optimal = [true, true, true, false, false]
arrival_time = [0, 90, 160, 230, 300]
feasible = [true, true, true, false, false]
