fallback_feasible = [true, true, true, true, true, false, false, true, false]
cost = [[106.0, 0.0, 431.0, 0.0], [258.0, 0.0, 882.0, 0.0], [448.0, 0.0, 1380.0, 0.0], [558.0, 0.0, 1768.0, 0.0], [673.0, 0.0, 2238.0, 0.0], [1058.0, 0.0, 3017.0, 0.0], [1760.0, 0.0, 3731.0, 0.0], [2197.0, 0.0, 4369.0, 0.0], [-1, -1, -1, -1], [-1, -1, -1, -1]]
time = [0.706760404, 0.945336343, 1.460226745, 1.298349299, 3.966474147, 5.649397972, 3.701778629, 10.995603832, 9.991325995, 10.639954376]
optimality_gap = [0, 0, 0, 0, 1, 102, 0, 2, 10000, 10000]
final_time = [106, 152, 190, 606, 648, 609, 363, 605, 659, -1]
makespans = [106, 92, 90, 466, 468, 389, 103, 305, 319, -381]
optimal = [true, true, true, true, false, false, true, false, false, false]
arrival_time = [0, 60, 100, 140, 180, 220, 260, 300, 340, 380]
feasible = [true, true, true, true, true, true, true, true, false, false]
