fallback_feasible = [true, true, true, true, true, true, true, true, true, true, true, true, true, true, true, true, true, true, true, true, true, true, true, true, true, true, true, true, true, true, true, true, true, true, true, true, true, true, true]
cost = [[88.0, 0.0, 236.0, 0.0], [172.0, 0.0, 449.0, 0.0], [291.0, 0.0, 759.0, 0.0], [397.0, 0.0, 1006.0, 0.0], [489.0, 0.0, 1272.0, 0.0], [601.0, 0.0, 1489.0, 0.0], [694.0, 0.0, 1772.0, 0.0], [785.0, 0.0, 2002.0, 0.0], [866.0, 0.0, 2223.0, 0.0], [970.0, 0.0, 2464.0, 0.0], [1106.0, 0.0, 2692.0, 0.0], [1181.0, 0.0, 2956.0, 0.0], [1287.0, 0.0, 3219.0, 0.0], [1369.0, 0.0, 3423.0, 0.0], [1427.0, 0.0, 3657.0, 0.0], [1492.0, 0.0, 3919.0, 0.0], [1591.0, 0.0, 4188.0, 0.0], [1682.0, 0.0, 4467.0, 0.0], [1737.0, 1.0, 4653.0, 0.0], [1831.0, 0.0, 4870.0, 0.0], [1919.0, 0.0, 5047.0, 0.0], [1969.0, 0.0, 5229.0, 0.0], [2016.0, 0.0, 5405.0, 0.0], [2114.0, 0.0, 5663.0, 0.0], [2206.0, 0.0, 5913.0, 0.0], [2344.0, 0.0, 6200.0, 0.0], [2501.0, 0.0, 6455.0, 0.0], [2572.0, 0.0, 6706.0, 0.0], [2716.0, 0.0, 6987.0, 0.0], [2786.0, 0.0, 7210.0, 0.0], [2860.0, 0.0, 7423.0, 0.0], [2949.0, 0.0, 7619.0, 0.0], [3010.0, 0.0, 7863.0, 0.0], [3102.0, 0.0, 8121.0, 0.0], [3181.0, 0.0, 8382.0, 0.0], [3263.0, 0.0, 8629.0, 0.0], [3370.0, 0.0, 8855.0, 0.0], [3460.0, 0.0, 9079.0, 0.0], [3531.0, 0.0, 9284.0, 0.0], [3664.0, 0.0, 9509.0, 0.0]]
time = [0.440607247, 0.524978478, 0.832408417, 0.795918487, 0.666549658, 0.939356608, 0.91495014, 0.966152168, 0.978878094, 1.032071228, 0.866413209, 1.071062581, 0.986303642, 1.163639709, 1.169275773, 1.185621735, 1.263817853, 1.210204029, 0.944469876, 1.160818807, 1.219904527, 0.973847669, 1.231664723, 1.305916029, 1.37457464, 1.769327618, 1.580985906, 1.522684266, 1.651413425, 1.697159168, 1.614207208, 1.66861127, 1.756486458, 1.747428499, 1.723848089, 1.749805076, 1.899336262, 1.899711383, 1.900737003, 2.082040749]
optimality_gap = [0, 0, 0, 0, 0, 0, 0, 0, 0, 0, 0, 0, 0, 0, 0, 0, 0, 0, 0, 0, 0, 0, 0, 0, 0, 0, 0, 0, 0, 0, 0, 0, 0, 0, 0, 0, 0, 0, 0, 0]
final_time = [88, 172, 291, 397, 489, 601, 694, 785, 866, 970, 1106, 1181, 1287, 1369, 1427, 1492, 1591, 1682, 1737, 1831, 1919, 1969, 2016, 2114, 2206, 2344, 2501, 2572, 2716, 2786, 2860, 2949, 3010, 3102, 3181, 3263, 3370, 3460, 3531, 3664]
makespans = [88, 112, 191, 257, 309, 381, 434, 485, 526, 590, 686, 721, 787, 829, 847, 872, 931, 982, 997, 1051, 1099, 1109, 1116, 1174, 1226, 1324, 1441, 1472, 1576, 1606, 1640, 1689, 1710, 1762, 1801, 1843, 1910, 1960, 1991, 2084]
optimal = [true, true, true, true, true, true, true, true, true, true, true, true, true, true, true, true, true, true, true, true, true, true, true, true, true, true, true, true, true, true, true, true, true, true, true, true, true, true, true, true]
arrival_time = [0, 60, 100, 140, 180, 220, 260, 300, 340, 380, 420, 460, 500, 540, 580, 620, 660, 700, 740, 780, 820, 860, 900, 940, 980, 1020, 1060, 1100, 1140, 1180, 1220, 1260, 1300, 1340, 1380, 1420, 1460, 1500, 1540, 1580]
feasible = [true, true, true, true, true, true, true, true, true, true, true, true, true, true, true, true, true, true, true, true, true, true, true, true, true, true, true, true, true, true, true, true, true, true, true, true, true, true, true, true]
