fallback_feasible = [true, true, true, true, true, true, true, true, true, true, true, true, true, true, true, true, true, true, true, true, true, true, true, true, true, true, true, true, true, true, true, true, true, true, true, true, true, true, true]
cost = [[78.0, 0.0, 212.0, 0.0], [200.0, 0.0, 506.0, 0.0], [312.0, 0.0, 803.0, 0.0], [403.0, 0.0, 1055.0, 0.0], [708.0, 0.0, 1290.0, 0.0], [800.0, 0.0, 1633.0, 0.0], [897.0, 0.0, 1827.0, 0.0], [1040.0, 0.0, 2035.0, 0.0], [825.0, 0.0, 2313.0, 0.0], [1262.0, 0.0, 2573.0, 0.0], [1333.0, 0.0, 2767.0, 0.0], [974.0, 1.0, 3002.0, 0.0], [1066.0, 0.0, 3180.0, 0.0], [1203.0, 0.0, 3383.0, 0.0], [1266.0, 1.0, 3603.0, 0.0], [1947.0, 0.0, 3867.0, 0.0], [1446.0, 0.0, 4182.0, 0.0], [1532.0, 0.0, 4484.0, 0.0], [2339.0, 0.0, 4750.0, 0.0], [1662.0, 0.0, 5030.0, 0.0], [1767.0, 0.0, 5294.0, 0.0], [2732.0, 0.0, 5605.0, 0.0], [2843.0, 0.0, 5844.0, 0.0], [2936.0, 0.0, 6089.0, 0.0], [2067.0, 0.0, 6395.0, 0.0], [2123.0, 0.0, 6585.0, 0.0], [3250.0, 0.0, 6817.0, 0.0], [2317.0, 2.0, 7095.0, 0.0], [2441.0, 0.0, 7383.0, 0.0], [3677.0, 0.0, 7594.0, 0.0], [3772.0, 0.0, 7837.0, 0.0], [3858.0, 0.0, 8066.0, 0.0], [2719.0, 0.0, 8302.0, 0.0], [2781.0, 0.0, 8502.0, 0.0], [4245.0, 0.0, 8777.0, 0.0], [4507.0, 1.0, 9255.0, 0.0], [6050.0, 0.0, 9528.0, 0.0], [4660.0, 0.0, 9774.0, 0.0], [6257.0, 0.0, 9966.0, 0.0], [4832.0, 0.0, 10186.0, 0.0]]
time = [0.586518367, 0.540741233, 0.728550052, 0.899898321, 0.763259163, 0.724841236, 1.051120255, 0.896098693, 1.032465041, 0.97271229, 0.668697784, 0.722343729, 0.669822176, 0.756816973, 0.790404664, 0.773073923, 1.05041007, 1.157757774, 1.513296092, 1.011866345, 1.001434697, 1.144845514, 1.285675769, 1.541227526, 0.994278684, 0.976587788, 1.04062371, 1.093942473, 1.239620502, 1.150687841, 1.074412458, 1.090302552, 1.138385269, 1.167443441, 6.812554558, 1.789001261, 1.685405627, 1.444820393, 1.057844263, 1.106374459]
optimality_gap = [0, 0, 0, 0, 0, 0, 0, 0, 0, 0, 0, 0, 0, 0, 0, 0, 0, 0, 0, 0, 0, 0, 0, 0, 0, 0, 0, 0, 0, 0, 0, 0, 0, 0, 2, 0, 0, 0, 0, 0]
final_time = [78, 122, 190, 213, 305, 282, 310, 425, 400, 437, 471, 503, 563, 640, 626, 681, 765, 767, 807, 855, 912, 965, 966, 1005, 1062, 1061, 1127, 1190, 1251, 1236, 1285, 1322, 1486, 1385, 1539, 1482, 1543, 1578, 1597, 1657]
makespans = [78, 62, 90, 73, 125, 62, 50, 125, 60, 57, 51, 43, 63, 100, 46, 61, 105, 67, 67, 75, 92, 105, 66, 65, 82, 41, 67, 90, 111, 56, 65, 62, 186, 45, 159, 62, 83, 78, 57, 77]
optimal = [true, true, true, true, true, true, true, true, true, true, true, true, true, true, true, true, true, true, true, true, true, true, true, true, true, true, true, true, true, true, true, true, true, true, false, true, true, true, true, true]
arrival_time = [0, 60, 100, 140, 180, 220, 260, 300, 340, 380, 420, 460, 500, 540, 580, 620, 660, 700, 740, 780, 820, 860, 900, 940, 980, 1020, 1060, 1100, 1140, 1180, 1220, 1260, 1300, 1340, 1380, 1420, 1460, 1500, 1540, 1580]
feasible = [true, true, true, true, true, true, true, true, true, true, true, true, true, true, true, true, true, true, true, true, true, true, true, true, true, true, true, true, true, true, true, true, true, true, true, true, true, true, true, true]
