fallback_feasible = [true, true, true, true, true, true, true, true, true, false, true, true, true, true, true, true, true, true, true, true, true, true, true, true, true, true, true, true, false]
cost = [[105.0, 0.0, 241.0, 0.0], [253.0, 0.0, 433.0, 0.0], [591.0, 0.0, 829.0, 0.0], [791.0, 0.0, 1038.0, 0.0], [1042.0, 1.0, 1295.0, 0.0], [742.0, 0.0, 1555.0, 0.0], [977.0, 0.0, 2062.0, 0.0], [1360.0, 0.0, 2283.0, 0.0], [1471.0, 0.0, 2497.0, 0.0], [1619.0, 0.0, 2783.0, 0.0], [978.0, 0.0, 3081.0, 0.0], [1513.0, 0.0, 3363.0, 0.0], [1588.0, 0.0, 3621.0, 0.0], [1729.0, 0.0, 3890.0, 0.0], [1283.0, 0.0, 4171.0, 0.0], [1995.0, 0.0, 4465.0, 0.0], [2081.0, 0.0, 4725.0, 0.0], [2194.0, 0.0, 4923.0, 0.0], [1586.0, 0.0, 5159.0, 0.0], [2431.0, 0.0, 5437.0, 0.0], [2536.0, 0.0, 5711.0, 0.0], [2626.0, 0.0, 5969.0, 0.0], [1844.0, 0.0, 6179.0, 0.0], [1897.0, 0.0, 6365.0, 0.0], [1997.0, 0.0, 6534.0, 0.0], [2105.0, 0.0, 6783.0, 0.0], [2178.0, 0.0, 7021.0, 0.0], [2251.0, 0.0, 7330.0, 0.0], [2364.0, 2.0, 7560.0, 0.0], [-1, -1, -1, -1]]
time = [0.688385723, 4.275171592, 1.008093334, 1.309170462, 1.268171593, 6.334716511, 1.393421244, 1.377720866, 1.007064617, 1.049526848, 0.929705675, 1.213341218, 1.026126729, 1.041315994, 1.085835124, 1.348572876, 0.922430594, 0.973896446, 0.843098074, 1.138614158, 1.128758633, 1.14653669, 1.380220293, 0.9311083, 0.976642434, 1.105169998, 1.073156323, 1.321560785, 3.209538229, 110.392588663]
optimality_gap = [0, 3, 0, 0, 0, 1, 0, 0, 0, 0, 0, 0, 0, 0, 0, 0, 0, 0, 0, 0, 0, 0, 0, 0, 0, 0, 0, 0, 0, 10000]
final_time = [198, 228, 165, 200, 288, 321, 368, 383, 399, 469, 509, 535, 544, 650, 633, 712, 719, 763, 823, 845, 868, 913, 931, 966, 1031, 1074, 1104, 1147, 1218, -1]
makespans = [198, 168, 65, 60, 108, 101, 108, 83, 59, 89, 89, 75, 44, 110, 53, 92, 59, 63, 83, 65, 48, 53, 31, 26, 51, 54, 44, 47, 78, -1181]
optimal = [true, false, true, true, true, false, true, true, true, true, true, true, true, true, true, true, true, true, true, true, true, true, true, true, true, true, true, true, true, false]
arrival_time = [0, 60, 100, 140, 180, 220, 260, 300, 340, 380, 420, 460, 500, 540, 580, 620, 660, 700, 740, 780, 820, 860, 900, 940, 980, 1020, 1060, 1100, 1140, 1180]
feasible = [true, true, true, true, true, true, true, true, true, true, true, true, true, true, true, true, true, true, true, true, true, true, true, true, true, true, true, true, true, false]
