fallback_feasible = [true, true, true, true, true, true, true, true, false, false, false, true, true, true, true, true, true, true, true, true, true, true, false, false, true, true, true, true, true, true, true, true, true, true, true, false, false, true, true]
cost = [[105.0, 0.0, 253.0, 0.0], [234.0, 0.0, 470.0, 0.0], [363.0, 0.0, 727.0, 0.0], [487.0, 2.0, 965.0, 0.0], [645.0, 0.0, 1152.0, 0.0], [720.0, 0.0, 1335.0, 0.0], [549.0, 0.0, 1600.0, 0.0], [797.0, 0.0, 1859.0, 0.0], [912.0, 0.0, 2126.0, 0.0], [1253.0, 0.0, 2393.0, 0.0], [1549.0, 0.0, 2670.0, 0.0], [1899.0, 0.0, 2917.0, 0.0], [2205.0, 1.0, 3206.0, 0.0], [2287.0, 0.0, 3404.0, 0.0], [2378.0, 0.0, 3672.0, 0.0], [2176.0, 0.0, 3931.0, 0.0], [2599.0, 0.0, 4172.0, 0.0], [1984.0, 0.0, 4412.0, 0.0], [2105.0, 0.0, 4661.0, 0.0], [2228.0, 0.0, 4984.0, 0.0], [2305.0, 0.0, 5228.0, 0.0], [1976.0, 0.0, 5502.0, 0.0], [2525.0, 0.0, 5755.0, 0.0], [3331.0, 0.0, 6054.0, 0.0], [3908.0, 0.0, 6251.0, 0.0], [3993.0, 1.0, 6537.0, 0.0], [4063.0, 1.0, 6796.0, 0.0], [4698.0, 2.0, 7088.0, 0.0], [4268.0, 0.0, 7338.0, 0.0], [3196.0, 0.0, 7628.0, 0.0], [2671.0, 1.0, 7852.0, 0.0], [3378.0, 0.0, 8098.0, 0.0], [3484.0, 0.0, 8322.0, 0.0], [3538.0, 0.0, 8504.0, 0.0], [3631.0, 0.0, 8754.0, 0.0], [3024.0, 0.0, 8989.0, 0.0], [4129.0, 1.0, 9432.0, 0.0], [5007.0, 0.0, 9761.0, 0.0], [5851.0, 0.0, 9973.0, 0.0], [6000.0, 0.0, 10267.0, 0.0]]
time = [0.682850876, 0.616159649, 0.839722183, 1.308586169, 1.240230483, 0.896944458, 0.690655792, 1.200489737, 4.346863863, 1.797259332, 1.709938093, 2.09170422, 2.062700253, 2.059121218, 2.046501944, 1.500286664, 1.370487432, 1.114090297, 1.314638564, 1.041144313, 1.317525567, 1.356631353, 3.391884049, 2.020064416, 1.900733399, 1.974521627, 1.957968573, 1.645747655, 1.627443804, 1.195691852, 1.311425136, 1.351259522, 1.4529306, 1.357524695, 1.467931955, 5.310653492, 2.283903565, 2.141414756, 2.301807508, 2.6307657]
optimality_gap = [0, 0, 0, 0, 0, 0, 0, 0, 3, 0, 0, 0, 0, 0, 0, 0, 0, 0, 0, 0, 0, 0, 26, 0, 0, 0, 0, 0, 0, 0, 0, 0, 0, 0, 0, 3, 0, 0, 0, 0]
final_time = [105, 129, 129, 124, 158, 180, 290, 342, 357, 264, 296, 350, 306, 346, 381, 400, 423, 423, 567, 504, 555, 575, 606, 524, 577, 589, 594, 635, 692, 669, 675, 707, 808, 781, 846, 859, 835, 878, 844, 930]
makespans = [105, 89, 69, 44, 58, 60, 150, 182, 177, 64, 76, 110, 46, 66, 81, 80, 83, 63, 187, 104, 135, 135, 146, 44, 77, 69, 54, 75, 112, 69, 55, 67, 148, 101, 146, 139, 95, 118, 64, 130]
optimal = [true, true, true, true, true, true, true, true, false, true, true, true, true, true, true, true, true, true, true, true, true, true, false, true, true, true, true, true, true, true, true, true, true, true, true, false, true, true, true, true]
arrival_time = [0, 40, 60, 80, 100, 120, 140, 160, 180, 200, 220, 240, 260, 280, 300, 320, 340, 360, 380, 400, 420, 440, 460, 480, 500, 520, 540, 560, 580, 600, 620, 640, 660, 680, 700, 720, 740, 760, 780, 800]
feasible = [true, true, true, true, true, true, true, true, true, true, true, true, true, true, true, true, true, true, true, true, true, true, true, true, true, true, true, true, true, true, true, true, true, true, true, true, true, true, true, true]
