fallback_feasible = [true, true, true, true, false, false, true, false, false, true, false, true, true, true, true, false, false, true, true, true, true, false, true, true, true, true, true, true, true, true, true, true, true, true, true, true, true, true, true]
cost = [[87.0, 0.0, 242.0, 0.0], [230.0, 0.0, 538.0, 0.0], [441.0, 0.0, 865.0, 0.0], [592.0, 0.0, 1170.0, 0.0], [902.0, 0.0, 1420.0, 0.0], [1066.0, 0.0, 1654.0, 0.0], [1417.0, 2.0, 1914.0, 0.0], [1671.0, 1.0, 2331.0, 0.0], [1851.0, 0.0, 2614.0, 0.0], [2360.0, 0.0, 2881.0, 0.0], [2272.0, 1.0, 3200.0, 0.0], [2772.0, 0.0, 3452.0, 0.0], [3311.0, 2.0, 3736.0, 0.0], [3463.0, 0.0, 4065.0, 0.0], [3672.0, 1.0, 4336.0, 0.0], [3817.0, 0.0, 4610.0, 0.0], [4432.0, 2.0, 4892.0, 0.0], [3581.0, 1.0, 5124.0, 0.0], [3679.0, 0.0, 5343.0, 0.0], [4409.0, 0.0, 5589.0, 0.0], [3412.0, 0.0, 5889.0, 0.0], [3524.0, 0.0, 6129.0, 0.0], [3599.0, 1.0, 6363.0, 0.0], [3010.0, 0.0, 6620.0, 0.0], [3088.0, 0.0, 6880.0, 0.0], [2449.0, 0.0, 7134.0, 0.0], [3354.0, 0.0, 7436.0, 0.0], [2676.0, 0.0, 7738.0, 0.0], [2771.0, 0.0, 7973.0, 0.0], [3775.0, 0.0, 8330.0, 0.0], [3878.0, 0.0, 8637.0, 0.0], [3040.0, 2.0, 8829.0, 0.0], [4088.0, 2.0, 9110.0, 0.0], [5161.0, 0.0, 9357.0, 0.0], [3244.0, 0.0, 9623.0, 0.0], [3348.0, 0.0, 9874.0, 0.0], [3444.0, 1.0, 10113.0, 0.0], [4671.0, 0.0, 10399.0, 0.0], [4782.0, 1.0, 10607.0, 0.0], [3757.0, 0.0, 10878.0, 0.0]]
time = [0.460643071, 0.562770818, 1.142112488, 7.114214198, 1.730695493, 1.846759482, 5.634101287, 2.407780377, 7.142870927, 3.158811673, 3.052415015, 3.827821315, 4.51385491, 10.112312203, 3.907003315, 3.577710275, 3.4006176, 3.689861447, 10.38562927, 7.976868725, 2.250340966, 2.218287356, 2.071320993, 1.993916795, 2.235398574, 1.96357709, 1.968450512, 2.042070013, 2.339115356, 2.748500038, 2.668152011, 2.690842973, 2.611520821, 2.163671525, 2.034505263, 2.389648627, 2.382931086, 2.526685863, 2.603796325, 2.483676364]
optimality_gap = [0, 0, 0, 4, 0, 0, 9, 0, 1, 0, 0, 0, 0, 1, 0, 0, 0, 0, 2, 1, 0, 0, 0, 0, 0, 0, 0, 0, 0, 0, 0, 0, 0, 0, 0, 0, 0, 0, 0, 0]
final_time = [87, 145, 211, 296, 250, 310, 420, 396, 497, 441, 518, 500, 539, 586, 591, 588, 615, 665, 693, 743, 696, 727, 740, 800, 805, 844, 905, 927, 939, 1004, 1008, 1028, 1048, 1073, 1123, 1152, 1169, 1227, 1234, 1296]
makespans = [87, 95, 131, 186, 110, 140, 220, 166, 237, 151, 198, 150, 159, 176, 151, 118, 115, 135, 133, 153, 76, 77, 60, 90, 65, 74, 105, 97, 79, 114, 88, 78, 68, 63, 83, 82, 69, 97, 74, 106]
optimal = [true, true, true, false, true, true, false, true, false, true, true, true, true, false, true, true, true, true, false, false, true, true, true, true, true, true, true, true, true, true, true, true, true, true, true, true, true, true, true, true]
arrival_time = [0, 50, 80, 110, 140, 170, 200, 230, 260, 290, 320, 350, 380, 410, 440, 470, 500, 530, 560, 590, 620, 650, 680, 710, 740, 770, 800, 830, 860, 890, 920, 950, 980, 1010, 1040, 1070, 1100, 1130, 1160, 1190]
feasible = [true, true, true, true, true, true, true, true, true, true, true, true, true, true, true, true, true, true, true, true, true, true, true, true, true, true, true, true, true, true, true, true, true, true, true, true, true, true, true, true]
