fallback_feasible = [true, true, true, true, true, false, false, false]
cost = [[146.0, 0.0, 495.0, 0.0], [-1, -1, -1, -1], [673.0, 0.0, 1434.0, 0.0], [753.0, 0.0, 1891.0, 0.0], [1094.0, 0.0, 2434.0, 0.0], [1630.0, 0.0, 3344.0, 0.0], [2854.0, 0.0, 4181.0, 0.0], [4362.0, 0.0, 4901.0, 0.0], [-1, -1, -1, -1]]
time = [1.017413692, 9.17358899, 1.982482263, 2.018565554, 6.502137195, 10.056375943, 8.35463952, 8.505669507, 10.35449413]
optimality_gap = [0, 10000, 0, 0, 2, 3, 192, 0, 10000]
final_time = [146, 830, 216, 652, 876, 847, 721, 436, -1]
makespans = [146, 760, 96, 482, 656, 577, 401, 66, -421]
optimal = [true, false, true, true, false, false, false, true, false]
arrival_time = [0, 70, 120, 170, 220, 270, 320, 370, 420]
feasible = [true, false, true, true, true, true, true, true, false]
