fallback_feasible = [true, true, true, false, true, false]
cost = [[80.0, 0.0, 443.0, 0.0], [279.0, 0.0, 951.0, 0.0], [474.0, 0.0, 1581.0, 0.0], [887.0, 0.0, 2192.0, 0.0], [1208.0, 2.0, 2897.0, 0.0], [-1, -1, -1, -1], [-1, -1, -1, -1]]
time = [0.807602287, 1.013764716, 15.22890246, 15.616711805, 10.370837745, 16.222815362, 16.346797029]
optimality_gap = [0, 0, 3, 5, 10, 10000, 10000]
final_time = [80, 199, 345, 446, 572, 695, -1]
makespans = [80, 119, 205, 246, 312, 375, -381]
optimal = [true, true, false, false, false, false, false]
arrival_time = [0, 80, 140, 200, 260, 320, 380]
feasible = [true, true, true, true, true, false, false]
