fallback_feasible = [true, true, true, true, true, true, true, true, true, true, true, true, true, true, true, true, true, false, true, true, true, true, true, true, true, true, true, true, true, false, true, true, true, true, true, true, true, true, true]
cost = [[92.0, 0.0, 448.0, 0.0], [229.0, 0.0, 882.0, 0.0], [321.0, 0.0, 1350.0, 0.0], [438.0, 0.0, 1829.0, 0.0], [566.0, 0.0, 2235.0, 0.0], [677.0, 0.0, 2712.0, 0.0], [757.0, 0.0, 3136.0, 0.0], [838.0, 0.0, 3596.0, 0.0], [969.0, 0.0, 3948.0, 0.0], [1086.0, 0.0, 4490.0, 0.0], [1202.0, 0.0, 4940.0, 0.0], [1292.0, 0.0, 5338.0, 0.0], [1386.0, 0.0, 5784.0, 0.0], [1521.0, 0.0, 6256.0, 0.0], [1610.0, 0.0, 6703.0, 0.0], [1721.0, 0.0, 7167.0, 0.0], [1824.0, 0.0, 7646.0, 0.0], [1958.0, 0.0, 8066.0, 0.0], [2060.0, 0.0, 8525.0, 0.0], [2153.0, 0.0, 8902.0, 0.0], [2239.0, 0.0, 9365.0, 0.0], [2336.0, 0.0, 9796.0, 0.0], [2412.0, 0.0, 10148.0, 0.0], [2494.0, 0.0, 10553.0, 0.0], [2585.0, 0.0, 10925.0, 0.0], [2679.0, 0.0, 11367.0, 0.0], [2825.0, 0.0, 11821.0, 0.0], [2924.0, 0.0, 12271.0, 0.0], [3033.0, 0.0, 12712.0, 0.0], [3117.0, 0.0, 13132.0, 0.0], [3243.0, 0.0, 13606.0, 0.0], [3315.0, 0.0, 14094.0, 0.0], [3471.0, 0.0, 14635.0, 0.0], [3586.0, 0.0, 15092.0, 0.0], [3694.0, 0.0, 15505.0, 0.0], [3823.0, 0.0, 15981.0, 0.0], [3916.0, 0.0, 16488.0, 0.0], [4063.0, 0.0, 16899.0, 0.0], [4184.0, 0.0, 17370.0, 0.0], [4291.0, 0.0, 17905.0, 0.0]]
time = [1.011035027, 0.813811814, 1.00825048, 1.061273603, 1.147475658, 1.123642931, 0.944685077, 1.124858144, 1.203382566, 1.271540478, 1.274004295, 1.318456317, 1.308781063, 1.39305757, 1.430401768, 1.433827896, 1.575376027, 1.542652261, 1.55981154, 1.546689024, 1.576238171, 1.750000619, 1.687173248, 1.903974728, 1.937576428, 1.880513675, 2.107413057, 2.047560102, 2.198184514, 2.014993252, 2.18094165, 2.257523783, 2.434848097, 2.231783702, 2.464094126, 2.635296001, 2.644804463, 2.51575702, 2.83542499, 3.003995896]
optimality_gap = [0, 0, 0, 0, 0, 0, 0, 0, 0, 0, 0, 0, 0, 0, 0, 0, 0, 0, 0, 0, 0, 0, 0, 0, 0, 0, 0, 0, 0, 0, 0, 0, 0, 0, 0, 0, 0, 0, 0, 0]
final_time = [92, 229, 321, 438, 566, 677, 757, 838, 969, 1086, 1202, 1292, 1386, 1521, 1610, 1721, 1824, 1958, 2060, 2153, 2239, 2336, 2412, 2494, 2585, 2679, 2825, 2924, 3033, 3117, 3243, 3315, 3471, 3586, 3694, 3823, 3916, 4063, 4184, 4291]
makespans = [92, 169, 221, 298, 386, 457, 497, 538, 629, 706, 782, 832, 886, 981, 1030, 1101, 1164, 1258, 1320, 1373, 1419, 1476, 1512, 1554, 1605, 1659, 1765, 1824, 1893, 1937, 2023, 2055, 2171, 2246, 2314, 2403, 2456, 2563, 2644, 2711]
optimal = [true, true, true, true, true, true, true, true, true, true, true, true, true, true, true, true, true, true, true, true, true, true, true, true, true, true, true, true, true, true, true, true, true, true, true, true, true, true, true, true]
arrival_time = [0, 60, 100, 140, 180, 220, 260, 300, 340, 380, 420, 460, 500, 540, 580, 620, 660, 700, 740, 780, 820, 860, 900, 940, 980, 1020, 1060, 1100, 1140, 1180, 1220, 1260, 1300, 1340, 1380, 1420, 1460, 1500, 1540, 1580]
feasible = [true, true, true, true, true, true, true, true, true, true, true, true, true, true, true, true, true, true, true, true, true, true, true, true, true, true, true, true, true, true, true, true, true, true, true, true, true, true, true, true]
