fallback_feasible = [true, true, true, true, true, true, true, true, true, true, true, true, true, true, true, true, true, true, true, true, true, false, true, true, true, true, true, true, true, false, true, true, true, false, true, true, true, true, true]
cost = [[125.0, 0.0, 467.0, 0.0], [260.0, 0.0, 875.0, 0.0], [452.0, 0.0, 1329.0, 0.0], [552.0, 1.0, 1830.0, 0.0], [685.0, 0.0, 2278.0, 0.0], [815.0, 0.0, 2718.0, 0.0], [946.0, 0.0, 3222.0, 0.0], [1067.0, 0.0, 3724.0, 0.0], [1169.0, 0.0, 4123.0, 0.0], [1329.0, 0.0, 4565.0, 0.0], [1477.0, 0.0, 5001.0, 0.0], [1641.0, 0.0, 5608.0, 0.0], [2214.0, 1.0, 6068.0, 0.0], [2335.0, 0.0, 6620.0, 0.0], [2492.0, 0.0, 7135.0, 0.0], [2096.0, 0.0, 7708.0, 0.0], [2216.0, 0.0, 8297.0, 0.0], [3012.0, 0.0, 8764.0, 0.0], [3139.0, 0.0, 9224.0, 0.0], [2496.0, 1.0, 9707.0, 0.0], [2630.0, 0.0, 10197.0, 0.0], [2759.0, 0.0, 10772.0, 0.0], [2922.0, 0.0, 11279.0, 0.0], [2999.0, 1.0, 11768.0, 0.0], [3133.0, 0.0, 12183.0, 0.0], [3246.0, 0.0, 12646.0, 0.0], [-1, -1, -1, -1], [3504.0, 0.0, 13587.0, 0.0], [3614.0, 0.0, 14199.0, 0.0], [4899.0, 1.0, 14709.0, 0.0], [3811.0, 6.0, 15151.0, 0.0], [3933.0, 5.0, 15643.0, 0.0], [4067.0, 0.0, 16193.0, 0.0], [4216.0, 0.0, 16706.0, 0.0], [4335.0, 0.0, 17205.0, 0.0], [5810.0, 0.0, 17580.0, 0.0], [4467.0, 0.0, 18004.0, 0.0], [3109.0, 0.0, 18456.0, 0.0], [3233.0, 0.0, 18928.0, 0.0], [4895.0, 0.0, 19355.0, 0.0]]
time = [0.973346754, 0.910209132, 1.402465574, 1.439179048, 1.519908398, 1.522465592, 1.438960929, 1.48073919, 1.700913736, 1.433268861, 1.455432632, 1.719897764, 1.798941779, 1.591471054, 1.663950732, 1.769411286, 2.123943435, 2.014910699, 1.769045617, 1.672509234, 1.374211769, 1.681371448, 1.777981983, 2.092594777, 1.418825601, 1.481433666, 9.215797502, 2.286788306, 2.365980141, 2.104738673, 2.083662946, 1.949595286, 1.902111382, 1.863166219, 2.137810909, 1.968963254, 1.580297828, 1.689924244, 1.797881834, 1.840267574]
optimality_gap = [0, 0, 0, 0, 0, 0, 0, 0, 0, 0, 0, 0, 0, 0, 0, 0, 0, 0, 0, 0, 0, 0, 0, 0, 0, 0, 10000, 0, 0, 0, 0, 0, 0, 0, 0, 0, 0, 0, 0, 0]
final_time = [125, 135, 192, 225, 268, 322, 356, 389, 424, 516, 537, 588, 573, 637, 694, 765, 757, 796, 821, 879, 930, 950, 1042, 1007, 1084, 1120, 1202, 1182, 1230, 1285, 1296, 1352, 1419, 1445, 1471, 1475, 1521, 1588, 1645, 1662]
makespans = [125, 75, 92, 85, 88, 102, 96, 89, 84, 136, 117, 128, 73, 97, 114, 145, 97, 96, 81, 99, 110, 90, 142, 67, 104, 100, 142, 82, 90, 105, 76, 92, 119, 105, 91, 55, 61, 88, 105, 82]
optimal = [true, true, true, true, true, true, true, true, true, true, true, true, true, true, true, true, true, true, true, true, true, true, true, true, true, true, false, true, true, true, true, true, true, true, true, true, true, true, true, true]
arrival_time = [0, 60, 100, 140, 180, 220, 260, 300, 340, 380, 420, 460, 500, 540, 580, 620, 660, 700, 740, 780, 820, 860, 900, 940, 980, 1020, 1060, 1100, 1140, 1180, 1220, 1260, 1300, 1340, 1380, 1420, 1460, 1500, 1540, 1580]
feasible = [true, true, true, true, true, true, true, true, true, true, true, true, true, true, true, true, true, true, true, true, true, true, true, true, true, true, false, true, true, true, true, true, true, true, true, true, true, true, true, true]
