fallback_feasible = [true, true, true, true, true, true, true, true, true, true, false, true, true, true, false, false, true, true, true, true, true, true, true, true, true, true, true, true, true, true, true, true, true, true, true, true, true, true, true]
cost = [[169.0, 0.0, 706.0, 0.0], [341.0, 0.0, 1412.0, 0.0], [592.0, 0.0, 2166.0, 0.0], [547.0, 1.0, 2749.0, 0.0], [892.0, 0.0, 3519.0, 0.0], [768.0, 0.0, 4258.0, 0.0], [901.0, 1.0, 4971.0, 0.0], [1003.0, 0.0, 5736.0, 0.0], [1133.0, 0.0, 6453.0, 0.0], [1296.0, 0.0, 7315.0, 0.0], [1433.0, 0.0, 8029.0, 0.0], [2229.0, 0.0, 8762.0, 0.0], [2398.0, 1.0, 9446.0, 0.0], [2589.0, 0.0, 10286.0, 0.0], [2785.0, 0.0, 11060.0, 0.0], [3150.0, 0.0, 12159.0, 0.0], [4252.0, 1.0, 13064.0, 0.0], [4400.0, 1.0, 13755.0, 0.0], [3438.0, 0.0, 14528.0, 0.0], [3559.0, 0.0, 15211.0, 0.0], [2564.0, 0.0, 15996.0, 0.0], [2767.0, 0.0, 16732.0, 0.0], [4223.0, 0.0, 17320.0, 0.0], [4405.0, 0.0, 18073.0, 0.0], [4538.0, 0.0, 18798.0, 0.0], [4746.0, 0.0, 19549.0, 0.0], [3356.0, 0.0, 20260.0, 0.0], [5122.0, 0.0, 20979.0, 0.0], [5274.0, 0.0, 21785.0, 0.0], [5415.0, 3.0, 22515.0, 0.0], [5602.0, 1.0, 23266.0, 0.0], [3930.0, 1.0, 23992.0, 0.0], [5955.0, 0.0, 24618.0, 0.0], [4174.0, 0.0, 25314.0, 0.0], [4350.0, 0.0, 26007.0, 0.0], [-1, -1, -1, -1], [6846.0, 0.0, 27326.0, 0.0], [6980.0, 0.0, 28108.0, 0.0], [7088.0, 0.0, 28759.0, 0.0], [9784.0, 0.0, 30023.0, 0.0]]
time = [1.177458375, 1.502827238, 1.611516262, 1.949551163, 2.229416377, 1.493932844, 2.101475697, 1.828677799, 1.85467307, 2.06116411, 2.020407079, 2.18016156, 2.130400054, 2.014417687, 5.656758791, 4.083822808, 4.63985648, 2.788517802, 1.750003192, 1.730110148, 1.932783375, 2.318487693, 2.055489682, 2.340035312, 2.090644102, 2.242509259, 2.240978642, 4.434568776, 2.460200696, 2.450274783, 2.336995718, 2.840877365, 2.580110173, 2.473771526, 2.634260027, 9.342769829, 5.093311595, 4.446080194, 7.746578068, 6.886194993]
optimality_gap = [0, 0, 0, 0, 0, 0, 0, 0, 0, 0, 0, 0, 0, 0, 36, 0, 0, 0, 0, 0, 0, 0, 0, 0, 0, 0, 0, 0, 0, 0, 0, 0, 0, 0, 0, 10000, 0, 0, 1, 0]
final_time = [169, 172, 251, 296, 345, 423, 478, 525, 608, 688, 745, 796, 857, 1062, 1082, 1006, 1102, 1154, 1182, 1223, 1341, 1426, 1456, 1523, 1559, 1664, 1692, 1766, 1816, 1833, 1953, 1977, 2025, 2149, 2201, 2462, 2277, 2392, 2502, 2428]
makespans = [169, 92, 111, 96, 85, 103, 98, 85, 108, 128, 125, 116, 117, 262, 222, 86, 122, 114, 82, 63, 121, 146, 116, 123, 99, 144, 112, 126, 116, 73, 133, 97, 85, 149, 141, 342, 97, 152, 202, 68]
optimal = [true, true, true, true, true, true, true, true, true, true, true, true, true, true, false, true, true, true, true, true, true, true, true, true, true, true, true, true, true, true, true, true, true, true, true, false, true, true, false, true]
arrival_time = [0, 80, 140, 200, 260, 320, 380, 440, 500, 560, 620, 680, 740, 800, 860, 920, 980, 1040, 1100, 1160, 1220, 1280, 1340, 1400, 1460, 1520, 1580, 1640, 1700, 1760, 1820, 1880, 1940, 2000, 2060, 2120, 2180, 2240, 2300, 2360]
feasible = [true, true, true, true, true, true, true, true, true, true, true, true, true, true, true, true, true, true, true, true, true, true, true, true, true, true, true, true, true, true, true, true, true, true, true, false, true, true, true, true]
