fallback_feasible = [true, true, true, true, true, true, true, true, true, true, true, true, true, true, false]
cost = [[110.0, 0.0, 725.0, 0.0], [371.0, 0.0, 1494.0, 0.0], [581.0, 0.0, 2302.0, 0.0], [891.0, 1.0, 3015.0, 0.0], [1020.0, 0.0, 3724.0, 0.0], [848.0, 0.0, 4398.0, 0.0], [977.0, 0.0, 5114.0, 0.0], [1124.0, 0.0, 5688.0, 0.0], [1307.0, 0.0, 6344.0, 0.0], [1441.0, 0.0, 6972.0, 0.0], [1546.0, 0.0, 7627.0, 0.0], [1705.0, 0.0, 8320.0, 0.0], [2033.0, 0.0, 9116.0, 0.0], [2205.0, 0.0, 9839.0, 0.0], [3683.0, 0.0, 11170.0, 0.0], [-1, -1, -1, -1]]
time = [1.228149581, 1.503872224, 2.252277553, 2.346159366, 1.927856309, 1.633186206, 1.547650615, 1.617460854, 1.723104469, 1.744066803, 1.643061716, 1.731536513, 2.212283861, 6.038409371, 4.882765781, 10.421742215]
optimality_gap = [0, 0, 0, 0, 0, 0, 0, 0, 0, 0, 0, 0, 0, 29, 0, 10000]
final_time = [110, 261, 321, 310, 389, 459, 518, 606, 701, 740, 806, 899, 1310, 1246, 1127, -1]
makespans = [110, 171, 161, 80, 89, 89, 78, 96, 121, 90, 86, 109, 450, 316, 127, -1071]
optimal = [true, true, true, true, true, true, true, true, true, true, true, true, true, false, true, false]
arrival_time = [0, 90, 160, 230, 300, 370, 440, 510, 580, 650, 720, 790, 860, 930, 1000, 1070]
feasible = [true, true, true, true, true, true, true, true, true, true, true, true, true, true, true, false]
