fallback_feasible = [true, true, true, true, true, true, true, true, true, true, true, true, true, true, true, true, true, true, true, true, true, true, true, true, true, true, true, true, true, true, true, true, true, true, true, true, true, true, true]
cost = [[73.0, 0.0, 185.0, 0.0], [127.0, 0.0, 395.0, 0.0], [232.0, 0.0, 609.0, 0.0], [332.0, 0.0, 820.0, 0.0], [427.0, 0.0, 1044.0, 0.0], [500.0, 0.0, 1260.0, 0.0], [623.0, 0.0, 1508.0, 0.0], [695.0, 0.0, 1732.0, 0.0], [758.0, 0.0, 1979.0, 0.0], [838.0, 0.0, 2171.0, 0.0], [907.0, 0.0, 2365.0, 0.0], [1001.0, 0.0, 2574.0, 0.0], [1070.0, 0.0, 2782.0, 0.0], [1161.0, 0.0, 3025.0, 0.0], [1220.0, 0.0, 3211.0, 0.0], [1303.0, 0.0, 3453.0, 0.0], [1402.0, 0.0, 3666.0, 0.0], [1471.0, 0.0, 3888.0, 0.0], [1537.0, 0.0, 4094.0, 0.0], [1648.0, 0.0, 4348.0, 0.0], [1728.0, 0.0, 4536.0, 0.0], [1795.0, 0.0, 4729.0, 0.0], [1875.0, 0.0, 4955.0, 0.0], [2000.0, 0.0, 5185.0, 0.0], [2075.0, 0.0, 5416.0, 0.0], [2152.0, 0.0, 5644.0, 0.0], [2258.0, 0.0, 5896.0, 0.0], [2314.0, 0.0, 6074.0, 0.0], [2381.0, 0.0, 6243.0, 0.0], [2469.0, 0.0, 6486.0, 0.0], [2602.0, 0.0, 6732.0, 0.0], [2678.0, 0.0, 6931.0, 0.0], [2779.0, 0.0, 7198.0, 0.0], [2886.0, 0.0, 7417.0, 0.0], [2972.0, 0.0, 7677.0, 0.0], [3074.0, 0.0, 7921.0, 0.0], [3146.0, 0.0, 8096.0, 0.0], [3226.0, 0.0, 8289.0, 0.0], [3310.0, 0.0, 8526.0, 0.0], [3400.0, 0.0, 8725.0, 0.0]]
time = [0.416092334, 0.444236624, 0.579245218, 0.622818304, 0.818095048, 0.8345701, 0.928922862, 0.8943433, 0.913387076, 0.94288842, 0.89727934, 0.970373885, 0.9470581, 0.855049106, 0.955446805, 1.050211155, 1.045128804, 0.915438795, 1.137906966, 1.240946371, 1.298628548, 1.126575556, 2.131553333, 1.301001036, 1.243598894, 1.437342663, 1.378353847, 1.336278437, 1.511088688, 1.375415767, 1.655740606, 1.464930983, 1.523620131, 1.662536064, 1.622026716, 1.718221291, 1.620670903, 1.709346567, 2.058335189, 1.922490003]
optimality_gap = [0, 0, 0, 0, 0, 0, 0, 0, 0, 0, 0, 0, 0, 0, 0, 0, 0, 0, 0, 0, 0, 0, 0, 0, 0, 0, 0, 0, 0, 0, 0, 0, 0, 0, 0, 0, 0, 0, 0, 0]
final_time = [73, 127, 232, 332, 427, 500, 623, 695, 758, 838, 907, 1001, 1070, 1161, 1220, 1303, 1402, 1471, 1537, 1648, 1728, 1795, 1876, 2000, 2075, 2152, 2258, 2314, 2381, 2469, 2602, 2678, 2779, 2886, 2972, 3074, 3146, 3226, 3310, 3400]
makespans = [73, 77, 152, 222, 287, 330, 423, 465, 498, 548, 587, 651, 690, 751, 780, 833, 902, 941, 977, 1058, 1108, 1145, 1196, 1290, 1335, 1382, 1458, 1484, 1521, 1579, 1682, 1728, 1799, 1876, 1932, 2004, 2046, 2096, 2150, 2210]
optimal = [true, true, true, true, true, true, true, true, true, true, true, true, true, true, true, true, true, true, true, true, true, true, true, true, true, true, true, true, true, true, true, true, true, true, true, true, true, true, true, true]
arrival_time = [0, 50, 80, 110, 140, 170, 200, 230, 260, 290, 320, 350, 380, 410, 440, 470, 500, 530, 560, 590, 620, 650, 680, 710, 740, 770, 800, 830, 860, 890, 920, 950, 980, 1010, 1040, 1070, 1100, 1130, 1160, 1190]
feasible = [true, true, true, true, true, true, true, true, true, true, true, true, true, true, true, true, true, true, true, true, true, true, true, true, true, true, true, true, true, true, true, true, true, true, true, true, true, true, true, true]
