fallback_feasible = [true, false]
cost = [[101.0, 0.0, 517.0, 0.0], [287.0, 0.0, 1119.0, 0.0], [-1, -1, -1, -1]]
time = [0.748375372, 1.435502438, 9.243218108]
optimality_gap = [0, 0, 10000]
final_time = [101, 186, -1]
makespans = [101, 106, -141]
optimal = [true, true, false]
arrival_time = [0, 80, 140]
feasible = [true, true, false]
