fallback_feasible = [true, true, true, false, true, true, true, true, true, true, true, true, false, false, false, false, false]
cost = [[92.0, 0.0, 448.0, 0.0], [279.0, 0.0, 872.0, 0.0], [462.0, 0.0, 1422.0, 0.0], [-1, -1, -1, -1], [979.0, 1.0, 2332.0, 0.0], [933.0, 0.0, 2862.0, 0.0], [1265.0, 0.0, 3327.0, 0.0], [1634.0, 1.0, 3843.0, 0.0], [1168.0, 0.0, 4260.0, 0.0], [958.0, 0.0, 4785.0, 0.0], [1485.0, 0.0, 5336.0, 0.0], [2161.0, 0.0, 5801.0, 0.0], [2561.0, 0.0, 6385.0, 0.0], [3623.0, 0.0, 7195.0, 0.0], [4284.0, 0.0, 7783.0, 0.0], [5009.0, 0.0, 8360.0, 0.0], [5935.0, 1.0, 9377.0, 0.0], [-1, -1, -1, -1]]
time = [0.995679067, 0.925727479, 1.413273671, 9.369124508, 2.144260179, 1.82716432, 1.886847435, 1.401800367, 1.647151783, 1.446106225, 1.977634898, 5.492539775, 8.233033015, 5.595866198, 6.0638608, 11.257862682, 11.588031505, 11.238575361]
optimality_gap = [0, 0, 0, 10000, 0, 0, 0, 0, 0, 0, 0, 142, 90, 0, 0, 1, 11, 10000]
final_time = [92, 187, 183, 309, 300, 324, 332, 369, 469, 643, 1109, 1115, 1072, 984, 993, 1035, 1018, -1]
makespans = [92, 127, 83, 169, 120, 104, 72, 69, 129, 263, 689, 655, 572, 444, 413, 415, 358, -701]
optimal = [true, true, true, false, true, true, true, true, true, true, true, false, false, true, true, false, false, false]
arrival_time = [0, 60, 100, 140, 180, 220, 260, 300, 340, 380, 420, 460, 500, 540, 580, 620, 660, 700]
feasible = [true, true, true, false, true, true, true, true, true, true, true, true, true, true, true, true, true, false]
