fallback_feasible = [true, true, false, false]
cost = [[83.0, 0.0, 257.0, 0.0], [327.0, 0.0, 549.0, 0.0], [606.0, 0.0, 893.0, 0.0], [967.0, 0.0, 1203.0, 0.0], [-1, -1, -1, -1]]
time = [0.435771566, 2.37621222, 1.781162038, 2.242150882, 8.326062555]
optimality_gap = [0, 78, 0, 0, 10000]
final_time = [83, 322, 284, 361, -1]
makespans = [83, 262, 184, 221, -181]
optimal = [true, false, true, true, false]
arrival_time = [0, 60, 100, 140, 180]
feasible = [true, true, true, true, false]
