fallback_feasible = [true, true, true, true, true, true, true, false, true, false, false, true, false, true, false, false]
cost = [[47.0, 0.0, 182.0, 0.0], [133.0, 0.0, 380.0, 0.0], [199.0, 0.0, 609.0, 0.0], [374.0, 0.0, 904.0, 0.0], [521.0, 0.0, 1192.0, 0.0], [734.0, 0.0, 1455.0, 0.0], [866.0, 0.0, 1715.0, 0.0], [1146.0, 0.0, 2063.0, 0.0], [1427.0, 3.0, 2262.0, 0.0], [1551.0, 0.0, 2558.0, 0.0], [1890.0, 1.0, 2783.0, 0.0], [1800.0, 0.0, 3064.0, 0.0], [1938.0, 0.0, 3364.0, 0.0], [2374.0, 1.0, 3600.0, 0.0], [2223.0, 0.0, 3897.0, 0.0], [2382.0, 1.0, 4165.0, 0.0], [-1, -1, -1, -1]]
time = [0.408232746, 0.528379019, 0.805696539, 2.446248638, 1.319340598, 1.668588645, 1.850465385, 2.248377175, 2.53502354, 2.712459968, 2.66541456, 2.660861356, 4.274368412, 2.775142252, 3.03730543, 2.973480805, 9.912858748]
optimality_gap = [0, 0, 0, 1, 0, 0, 0, 0, 0, 0, 0, 0, 0, 0, 0, 0, 10000]
final_time = [47, 86, 114, 229, 178, 213, 246, 280, 281, 302, 339, 352, 385, 435, 410, 461, -1]
makespans = [47, 46, 54, 149, 78, 93, 106, 120, 101, 102, 119, 112, 125, 155, 110, 141, -341]
optimal = [true, true, true, false, true, true, true, true, true, true, true, true, true, true, true, true, false]
arrival_time = [0, 40, 60, 80, 100, 120, 140, 160, 180, 200, 220, 240, 260, 280, 300, 320, 340]
feasible = [true, true, true, true, true, true, true, true, true, true, true, true, true, true, true, true, false]
