fallback_feasible = [true, true, true, true, true, true, true, true, true, true, true, true, true, true, true, true, true, true, true, true, true, false, true, true, true, true, true, true, true, true, true, true, true, true, true, false, true, true, true]
cost = [[99.0, 0.0, 426.0, 0.0], [198.0, 0.0, 849.0, 0.0], [275.0, 0.0, 1293.0, 0.0], [391.0, 0.0, 1762.0, 0.0], [513.0, 0.0, 2287.0, 0.0], [680.0, 0.0, 2820.0, 0.0], [779.0, 0.0, 3261.0, 0.0], [859.0, 0.0, 3580.0, 0.0], [995.0, 0.0, 4039.0, 0.0], [1119.0, 0.0, 4443.0, 0.0], [1248.0, 0.0, 4827.0, 0.0], [1359.0, 1.0, 5229.0, 0.0], [1452.0, 0.0, 5638.0, 0.0], [1541.0, 0.0, 6083.0, 0.0], [1624.0, 0.0, 6516.0, 0.0], [1721.0, 0.0, 6965.0, 0.0], [1816.0, 0.0, 7428.0, 0.0], [1962.0, 0.0, 7998.0, 0.0], [2056.0, 0.0, 8514.0, 0.0], [2164.0, 0.0, 8996.0, 0.0], [2265.0, 0.0, 9436.0, 0.0], [2346.0, 0.0, 9878.0, 0.0], [2469.0, 0.0, 10363.0, 0.0], [2549.0, 0.0, 10807.0, 0.0], [2658.0, 0.0, 11316.0, 0.0], [2766.0, 0.0, 11745.0, 0.0], [2858.0, 0.0, 12146.0, 0.0], [3014.0, 0.0, 12610.0, 0.0], [3132.0, 0.0, 13026.0, 0.0], [3222.0, 0.0, 13533.0, 0.0], [3355.0, 0.0, 14008.0, 0.0], [3483.0, 0.0, 14559.0, 0.0], [3575.0, 0.0, 14970.0, 0.0], [3675.0, 0.0, 15433.0, 0.0], [3773.0, 0.0, 15855.0, 0.0], [3851.0, 0.0, 16315.0, 0.0], [3931.0, 0.0, 16736.0, 0.0], [4018.0, 0.0, 17185.0, 0.0], [4139.0, 0.0, 17742.0, 0.0], [4231.0, 0.0, 18171.0, 0.0]]
time = [0.894717433, 1.00606903, 0.857802572, 1.084912147, 1.146142822, 0.961458708, 0.976323816, 1.133329197, 1.250499402, 1.219597824, 1.415101344, 1.317159817, 1.28066014, 1.415483536, 1.38056552, 1.552411674, 1.480996566, 1.627142159, 1.652622371, 1.739874564, 1.810099663, 1.809280506, 1.92906779, 1.745292908, 1.691824494, 1.822068748, 2.077494975, 1.921293244, 2.264844265, 2.011928645, 2.3453371, 2.210320825, 2.210204694, 2.45474559, 2.315163817, 2.397972802, 2.383924367, 2.588135256, 2.824582348, 2.765959001]
optimality_gap = [0, 0, 0, 0, 0, 0, 0, 0, 0, 0, 0, 0, 0, 0, 0, 0, 0, 0, 0, 0, 0, 0, 0, 0, 0, 0, 0, 0, 0, 0, 0, 0, 0, 0, 0, 0, 0, 0, 0, 0]
final_time = [99, 198, 275, 391, 513, 680, 779, 859, 995, 1119, 1248, 1359, 1452, 1541, 1624, 1721, 1816, 1962, 2056, 2164, 2265, 2346, 2469, 2549, 2658, 2766, 2858, 3014, 3132, 3222, 3355, 3483, 3575, 3675, 3773, 3851, 3931, 4018, 4139, 4231]
makespans = [99, 118, 135, 191, 253, 360, 399, 419, 495, 559, 628, 679, 712, 741, 764, 801, 836, 922, 956, 1004, 1045, 1066, 1129, 1149, 1198, 1246, 1278, 1374, 1432, 1462, 1535, 1603, 1635, 1675, 1713, 1731, 1751, 1778, 1839, 1871]
optimal = [true, true, true, true, true, true, true, true, true, true, true, true, true, true, true, true, true, true, true, true, true, true, true, true, true, true, true, true, true, true, true, true, true, true, true, true, true, true, true, true]
arrival_time = [0, 80, 140, 200, 260, 320, 380, 440, 500, 560, 620, 680, 740, 800, 860, 920, 980, 1040, 1100, 1160, 1220, 1280, 1340, 1400, 1460, 1520, 1580, 1640, 1700, 1760, 1820, 1880, 1940, 2000, 2060, 2120, 2180, 2240, 2300, 2360]
feasible = [true, true, true, true, true, true, true, true, true, true, true, true, true, true, true, true, true, true, true, true, true, true, true, true, true, true, true, true, true, true, true, true, true, true, true, true, true, true, true, true]
