fallback_feasible = [true, false, false]
cost = [[159.0, 0.0, 734.0, 0.0], [-1, -1, -1, -1], [832.0, 1.0, 2145.0, 0.0], [-1, -1, -1, -1]]
time = [1.224904168, 9.293633284, 16.712986543, 17.336674583]
optimality_gap = [0, 10000, 84, 10000]
final_time = [159, 340, 411, -1]
makespans = [159, 260, 271, -201]
optimal = [true, false, false, false]
arrival_time = [0, 80, 140, 200]
feasible = [true, false, true, false]
