fallback_feasible = [true, true, true, true, true, true, true, true, true, true, true, true, true, true, true, true, true, true, true, true, true, true, true, true, true, true, true, true, true, true, true, true, true, true, true, true, true, true, true]
cost = [[126.0, 0.0, 714.0, 0.0], [315.0, 0.0, 1410.0, 0.0], [449.0, 0.0, 2049.0, 0.0], [644.0, 0.0, 2727.0, 0.0], [879.0, 0.0, 3499.0, 0.0], [1079.0, 1.0, 4256.0, 0.0], [1672.0, 0.0, 4979.0, 0.0], [1831.0, 2.0, 5670.0, 0.0], [1423.0, 0.0, 6341.0, 0.0], [1638.0, 0.0, 7091.0, 0.0], [1821.0, 0.0, 7837.0, 0.0], [1978.0, 0.0, 8575.0, 0.0], [2122.0, 0.0, 9290.0, 0.0], [2278.0, 0.0, 9968.0, 0.0], [2454.0, 0.0, 10822.0, 0.0], [2611.0, 0.0, 11620.0, 0.0], [2735.0, 0.0, 12314.0, 0.0], [2887.0, 0.0, 13015.0, 0.0], [3075.0, 0.0, 13742.0, 0.0], [3199.0, 0.0, 14435.0, 0.0], [3360.0, 0.0, 15069.0, 0.0], [3531.0, 2.0, 15928.0, 0.0], [3685.0, 0.0, 16660.0, 0.0], [3891.0, 0.0, 17505.0, 0.0], [4083.0, 0.0, 18202.0, 0.0], [4199.0, 0.0, 18873.0, 0.0], [6415.0, 0.0, 19633.0, 0.0], [4504.0, 0.0, 20327.0, 0.0], [4648.0, 0.0, 21103.0, 0.0], [-1, -1, -1, -1], [5036.0, 0.0, 22424.0, 0.0], [7838.0, 0.0, 23583.0, 0.0], [10512.0, 0.0, 24330.0, 0.0], [5421.0, 0.0, 25117.0, 0.0], [5607.0, 0.0, 25928.0, 0.0], [5796.0, 0.0, 26668.0, 0.0], [5917.0, 1.0, 27480.0, 0.0], [6049.0, 0.0, 28211.0, 0.0], [6256.0, 0.0, 28890.0, 0.0], [6430.0, 0.0, 29569.0, 0.0]]
time = [1.216685418, 1.557334532, 1.58238772, 1.520950756, 1.758231149, 2.129883065, 1.786223274, 1.768179407, 1.631426595, 1.793633214, 1.855308401, 2.213826705, 1.921313209, 1.833420225, 2.666990148, 2.194057774, 1.924756489, 1.97224465, 2.363972932, 2.148631584, 1.898716278, 2.546869227, 2.167142823, 2.49384178, 2.701114654, 2.445272178, 2.698534443, 2.743590656, 2.836085366, 9.287895763, 6.657339709, 5.66696083, 3.65675026, 2.611577406, 2.898496081, 3.263820163, 2.890416073, 2.741842541, 3.148784087, 3.087045434]
optimality_gap = [0, 0, 0, 0, 0, 0, 0, 0, 0, 0, 0, 0, 0, 0, 0, 0, 0, 0, 0, 0, 0, 0, 0, 0, 0, 0, 0, 0, 0, 10000, 37, 0, 0, 0, 0, 0, 0, 0, 0, 0]
final_time = [126, 189, 260, 384, 495, 584, 593, 654, 769, 869, 952, 1026, 1096, 1182, 1272, 1339, 1396, 1491, 1584, 1615, 1745, 1786, 1899, 1992, 2091, 2108, 2216, 2288, 2377, 2611, 2593, 2634, 2674, 2747, 2861, 2935, 2982, 3067, 3189, 3241]
makespans = [126, 89, 80, 124, 155, 164, 93, 74, 109, 129, 132, 126, 116, 122, 132, 119, 96, 111, 124, 75, 125, 86, 119, 132, 151, 88, 116, 108, 117, 271, 173, 134, 94, 87, 121, 115, 82, 87, 129, 101]
optimal = [true, true, true, true, true, true, true, true, true, true, true, true, true, true, true, true, true, true, true, true, true, true, true, true, true, true, true, true, true, false, false, true, true, true, true, true, true, true, true, true]
arrival_time = [0, 100, 180, 260, 340, 420, 500, 580, 660, 740, 820, 900, 980, 1060, 1140, 1220, 1300, 1380, 1460, 1540, 1620, 1700, 1780, 1860, 1940, 2020, 2100, 2180, 2260, 2340, 2420, 2500, 2580, 2660, 2740, 2820, 2900, 2980, 3060, 3140]
feasible = [true, true, true, true, true, true, true, true, true, true, true, true, true, true, true, true, true, true, true, true, true, true, true, true, true, true, true, true, true, false, true, true, true, true, true, true, true, true, true, true]
