fallback_feasible = [true, true, true, true, true, true, true, true, true, true, false, true, true, true, true, true, true, true, true, true, true, true, true, true, true, true, true, true, false, true, true, true, true, true, true, true, true, true, true]
cost = [[87.0, 0.0, 442.0, 0.0], [228.0, 0.0, 948.0, 0.0], [373.0, 0.0, 1453.0, 0.0], [498.0, 2.0, 1899.0, 0.0], [775.0, 0.0, 2325.0, 0.0], [891.0, 0.0, 2794.0, 0.0], [732.0, 0.0, 3327.0, 0.0], [876.0, 0.0, 3815.0, 0.0], [1019.0, 0.0, 4315.0, 0.0], [1597.0, 0.0, 4787.0, 0.0], [1716.0, 0.0, 5268.0, 0.0], [1824.0, 2.0, 5790.0, 0.0], [1951.0, 0.0, 6337.0, 0.0], [1485.0, 0.0, 6857.0, 0.0], [2287.0, 0.0, 7336.0, 0.0], [2414.0, 0.0, 7770.0, 0.0], [2547.0, 0.0, 8227.0, 0.0], [1849.0, 0.0, 8697.0, 0.0], [2845.0, 0.0, 9136.0, 0.0], [2108.0, 0.0, 9561.0, 0.0], [2231.0, 0.0, 10128.0, 0.0], [3400.0, 0.0, 10652.0, 0.0], [4613.0, 0.0, 11146.0, 0.0], [3646.0, 0.0, 11620.0, 0.0], [3841.0, 0.0, 12090.0, 0.0], [4006.0, 1.0, 12583.0, 0.0], [4161.0, 0.0, 13101.0, 0.0], [5616.0, 2.0, 13607.0, 0.0], [4395.0, 0.0, 14114.0, 0.0], [4525.0, 0.0, 14548.0, 0.0], [4666.0, 0.0, 15051.0, 0.0], [3279.0, 1.0, 15624.0, 0.0], [3398.0, 0.0, 16141.0, 0.0], [5170.0, 0.0, 16575.0, 0.0], [5310.0, 0.0, 17053.0, 0.0], [5426.0, 1.0, 17509.0, 0.0], [5563.0, 0.0, 18002.0, 0.0], [3886.0, 0.0, 18505.0, 0.0], [5901.0, 0.0, 19071.0, 0.0], [6023.0, 0.0, 19527.0, 0.0]]
time = [0.917190195, 0.773534929, 1.046446015, 1.276491824, 1.415825722, 1.277439349, 1.314736706, 1.423231786, 1.486523778, 1.640734777, 1.753548057, 1.454473883, 1.465982824, 1.500242332, 1.514018108, 1.599206965, 1.556217844, 1.439220644, 1.578289272, 1.532704263, 1.721841258, 1.98121826, 1.764638995, 1.415433828, 1.701480714, 1.945323689, 2.060910875, 2.161527974, 1.879744494, 2.13501353, 1.552254173, 1.926871354, 1.903205485, 2.052415192, 1.904641208, 1.738354809, 2.066870132, 1.844088567, 2.237854913, 2.17801916]
optimality_gap = [0, 0, 0, 0, 0, 0, 0, 0, 0, 0, 0, 0, 0, 0, 0, 0, 0, 0, 0, 0, 0, 0, 0, 0, 0, 0, 0, 0, 0, 0, 0, 0, 0, 0, 0, 0, 0, 0, 0, 0]
final_time = [87, 141, 233, 265, 277, 349, 383, 493, 526, 578, 612, 634, 705, 780, 802, 832, 915, 936, 994, 1114, 1117, 1169, 1213, 1264, 1364, 1378, 1419, 1455, 1521, 1549, 1596, 1683, 1715, 1772, 1823, 1831, 1909, 1977, 2015, 2031]
makespans = [87, 71, 113, 95, 57, 79, 63, 123, 106, 108, 92, 64, 85, 110, 82, 62, 95, 66, 74, 144, 97, 99, 93, 94, 144, 108, 99, 85, 101, 79, 76, 113, 95, 102, 103, 61, 89, 107, 95, 61]
optimal = [true, true, true, true, true, true, true, true, true, true, true, true, true, true, true, true, true, true, true, true, true, true, true, true, true, true, true, true, true, true, true, true, true, true, true, true, true, true, true, true]
arrival_time = [0, 70, 120, 170, 220, 270, 320, 370, 420, 470, 520, 570, 620, 670, 720, 770, 820, 870, 920, 970, 1020, 1070, 1120, 1170, 1220, 1270, 1320, 1370, 1420, 1470, 1520, 1570, 1620, 1670, 1720, 1770, 1820, 1870, 1920, 1970]
feasible = [true, true, true, true, true, true, true, true, true, true, true, true, true, true, true, true, true, true, true, true, true, true, true, true, true, true, true, true, true, true, true, true, true, true, true, true, true, true, true, true]
