fallback_feasible = [true, true, true, true, true, true, true, true, true, true, true, true, true, true, true, true, true, true, true, true, true, true, true, true, true, true, false, true, true, false, false]
cost = [[73.0, 0.0, 185.0, 0.0], [157.0, 0.0, 411.0, 0.0], [320.0, 0.0, 638.0, 0.0], [355.0, 0.0, 861.0, 0.0], [573.0, 0.0, 1191.0, 0.0], [790.0, 0.0, 1478.0, 0.0], [934.0, 0.0, 1743.0, 0.0], [1026.0, 0.0, 2007.0, 0.0], [899.0, 0.0, 2293.0, 0.0], [1247.0, 0.0, 2498.0, 0.0], [1332.0, 0.0, 2738.0, 0.0], [1140.0, 0.0, 3053.0, 0.0], [1222.0, 1.0, 3320.0, 0.0], [1333.0, 0.0, 3572.0, 0.0], [1817.0, 0.0, 3787.0, 0.0], [1596.0, 1.0, 4249.0, 0.0], [2176.0, 1.0, 4501.0, 0.0], [2753.0, 0.0, 4732.0, 0.0], [1764.0, 0.0, 4956.0, 0.0], [2448.0, 0.0, 5238.0, 0.0], [1969.0, 0.0, 5461.0, 0.0], [2060.0, 0.0, 5687.0, 0.0], [2800.0, 0.0, 5929.0, 0.0], [2253.0, 0.0, 6252.0, 0.0], [2353.0, 0.0, 6509.0, 0.0], [2442.0, 0.0, 6762.0, 0.0], [3464.0, 0.0, 7064.0, 0.0], [4594.0, 0.0, 7353.0, 0.0], [4684.0, 0.0, 7601.0, 0.0], [4778.0, 0.0, 7888.0, 0.0], [6705.0, 0.0, 8190.0, 0.0], [-1, -1, -1, -1]]
time = [0.516056308, 0.692055202, 0.946411899, 0.903309361, 0.981822376, 0.832527081, 1.247667106, 1.224696619, 1.105289825, 0.725997808, 0.868123667, 1.197419311, 1.195608751, 1.175332837, 6.310705338, 1.569513028, 2.08700994, 1.466605958, 0.875594032, 1.082862158, 1.236971692, 1.249541354, 1.270920385, 1.229373346, 1.232284634, 1.092107503, 51.008516581, 2.203034484, 2.103190993, 4.410247809, 5.919828752, 110.9214804]
optimality_gap = [0, 0, 0, 0, 0, 0, 0, 0, 0, 0, 0, 0, 0, 0, 4, 0, 0, 0, 0, 0, 0, 0, 0, 0, 0, 0, 137, 0, 0, 3, 286, 10000]
final_time = [73, 84, 163, 192, 218, 217, 307, 284, 308, 348, 369, 423, 432, 524, 539, 533, 580, 577, 607, 684, 678, 698, 740, 815, 1096, 1109, 1290, 866, 1199, 1270, 1257, -1]
makespans = [73, 34, 83, 82, 78, 47, 107, 54, 48, 58, 49, 73, 52, 114, 99, 63, 80, 47, 47, 94, 58, 48, 60, 105, 356, 339, 490, 36, 339, 380, 337, -951]
optimal = [true, true, true, true, true, true, true, true, true, true, true, true, true, true, false, true, true, true, true, true, true, true, true, true, true, true, false, true, true, false, false, false]
arrival_time = [0, 50, 80, 110, 140, 170, 200, 230, 260, 290, 320, 350, 380, 410, 440, 470, 500, 530, 560, 590, 620, 650, 680, 710, 740, 770, 800, 830, 860, 890, 920, 950]
feasible = [true, true, true, true, true, true, true, true, true, true, true, true, true, true, true, true, true, true, true, true, true, true, true, true, true, true, true, true, true, true, true, false]
