fallback_feasible = [true, true, true, true, true, true, true, true, true, false, true, true, false, true, true, true, true, true, true, true, true, true, true, true, true, true, true, true, true, true, true, true, false, true, true, true, true, true, true]
cost = [[92.0, 0.0, 232.0, 0.0], [212.0, 0.0, 503.0, 0.0], [378.0, 0.0, 786.0, 0.0], [467.0, 0.0, 1058.0, 0.0], [555.0, 0.0, 1256.0, 0.0], [782.0, 0.0, 1540.0, 0.0], [728.0, 0.0, 1755.0, 0.0], [824.0, 0.0, 2040.0, 0.0], [968.0, 0.0, 2276.0, 0.0], [1690.0, 0.0, 2728.0, 0.0], [2043.0, 0.0, 2888.0, 0.0], [2458.0, 1.0, 3120.0, 0.0], [2196.0, 0.0, 3329.0, 0.0], [2662.0, 0.0, 3536.0, 0.0], [2317.0, 0.0, 3730.0, 0.0], [1945.0, 0.0, 3943.0, 0.0], [1081.0, 0.0, 4209.0, 0.0], [1159.0, 0.0, 4418.0, 0.0], [1832.0, 0.0, 4667.0, 0.0], [1903.0, 0.0, 4916.0, 0.0], [2025.0, 0.0, 5170.0, 0.0], [2087.0, 0.0, 5348.0, 0.0], [2826.0, 0.0, 5551.0, 0.0], [2960.0, 0.0, 5862.0, 0.0], [2354.0, 0.0, 6090.0, 0.0], [2460.0, 0.0, 6379.0, 0.0], [3309.0, 1.0, 6608.0, 0.0], [2648.0, 0.0, 6883.0, 0.0], [1874.0, 0.0, 7080.0, 0.0], [2824.0, 0.0, 7215.0, 0.0], [3828.0, 0.0, 7513.0, 0.0], [3933.0, 0.0, 7779.0, 0.0], [3130.0, 0.0, 8086.0, 0.0], [4238.0, 0.0, 8348.0, 0.0], [3329.0, 0.0, 8586.0, 0.0], [4490.0, 1.0, 8866.0, 0.0], [5648.0, 0.0, 9085.0, 0.0], [3533.0, 0.0, 9310.0, 0.0], [4754.0, 0.0, 9562.0, 0.0], [3697.0, 0.0, 9775.0, 0.0]]
time = [0.692785812, 0.624240517, 0.643611955, 1.018552264, 0.933924449, 0.80543774, 0.788426832, 1.030897509, 3.720677181, 1.951179311, 1.971011802, 1.712792536, 1.366694741, 1.405428092, 1.047516297, 0.952460651, 0.779651633, 0.858071273, 1.145313504, 1.190760913, 1.232713387, 1.356108159, 1.113155858, 1.170010245, 1.184772494, 1.573671412, 1.288275065, 1.083092765, 1.240038985, 1.241006773, 1.11005205, 1.138990282, 1.471440716, 1.538751834, 1.478005101, 1.546515961, 1.383157296, 1.347328877, 1.521198758, 1.426904924]
optimality_gap = [0, 0, 0, 0, 0, 0, 0, 0, 1, 0, 0, 0, 0, 0, 0, 0, 0, 0, 0, 0, 0, 0, 0, 0, 0, 0, 0, 0, 0, 0, 0, 0, 0, 0, 0, 0, 0, 0, 0, 0]
final_time = [92, 120, 166, 181, 208, 227, 435, 415, 481, 359, 353, 415, 450, 466, 485, 513, 568, 591, 673, 639, 713, 701, 739, 807, 808, 845, 849, 954, 920, 950, 1004, 1025, 1101, 1108, 1120, 1161, 1158, 1214, 1221, 1262]
makespans = [92, 70, 86, 71, 68, 57, 235, 185, 221, 69, 33, 65, 70, 56, 45, 43, 68, 61, 113, 49, 93, 51, 59, 97, 68, 75, 49, 124, 60, 60, 84, 75, 121, 98, 80, 91, 58, 84, 61, 72]
optimal = [true, true, true, true, true, true, true, true, false, true, true, true, true, true, true, true, true, true, true, true, true, true, true, true, true, true, true, true, true, true, true, true, true, true, true, true, true, true, true, true]
arrival_time = [0, 50, 80, 110, 140, 170, 200, 230, 260, 290, 320, 350, 380, 410, 440, 470, 500, 530, 560, 590, 620, 650, 680, 710, 740, 770, 800, 830, 860, 890, 920, 950, 980, 1010, 1040, 1070, 1100, 1130, 1160, 1190]
feasible = [true, true, true, true, true, true, true, true, true, true, true, true, true, true, true, true, true, true, true, true, true, true, true, true, true, true, true, true, true, true, true, true, true, true, true, true, true, true, true, true]
