fallback_feasible = [true, true, true, true, true, true, true, true, true, true, true, true, true, true, true, true, true, true, true, true, true, true, true, true, false]
cost = [[117.0, 0.0, 757.0, 0.0], [282.0, 0.0, 1435.0, 0.0], [402.0, 0.0, 2115.0, 0.0], [523.0, 0.0, 2823.0, 0.0], [682.0, 0.0, 3628.0, 0.0], [807.0, 0.0, 4309.0, 0.0], [1254.0, 0.0, 5000.0, 0.0], [2027.0, 0.0, 6042.0, 0.0], [1753.0, 0.0, 6717.0, 0.0], [1886.0, 0.0, 7446.0, 0.0], [2044.0, 0.0, 8193.0, 0.0], [1544.0, 0.0, 9063.0, 0.0], [1683.0, 0.0, 9754.0, 0.0], [2586.0, 0.0, 10474.0, 0.0], [2739.0, 0.0, 11219.0, 0.0], [1969.0, 0.0, 11918.0, 0.0], [3040.0, 0.0, 12681.0, 0.0], [2228.0, 0.0, 13415.0, 0.0], [2371.0, 0.0, 14039.0, 0.0], [3605.0, 0.0, 14662.0, 0.0], [3782.0, 0.0, 15398.0, 0.0], [2754.0, 1.0, 16182.0, 0.0], [4188.0, 0.0, 16920.0, 0.0], [-1, -1, -1, -1], [6322.0, 1.0, 19070.0, 0.0], [-1, -1, -1, -1]]
time = [1.140791121, 1.403586507, 1.563659528, 1.699479612, 1.718957517, 2.162946004, 9.712858327, 3.616134604, 2.733583395, 2.183979051, 2.347061146, 2.16202529, 2.24351821, 2.279802027, 2.165950505, 2.319433348, 1.734155932, 2.037122305, 2.468462968, 2.318828209, 1.928875765, 2.324585735, 5.765329053, 9.832252969, 5.985754236, 9.822327547]
optimality_gap = [0, 0, 0, 0, 0, 0, 1, 0, 0, 0, 0, 0, 0, 0, 0, 0, 0, 0, 0, 0, 0, 0, 1, 10000, 0, 10000]
final_time = [117, 165, 237, 286, 470, 467, 524, 566, 663, 657, 724, 820, 863, 903, 973, 996, 1071, 1157, 1214, 1234, 1334, 1519, 1536, 1714, 1553, -1]
makespans = [117, 85, 97, 86, 210, 147, 144, 126, 163, 97, 104, 140, 123, 103, 113, 76, 91, 117, 114, 74, 114, 239, 196, 314, 93, -1521]
optimal = [true, true, true, true, true, true, false, true, true, true, true, true, true, true, true, true, true, true, true, true, true, true, false, false, true, false]
arrival_time = [0, 80, 140, 200, 260, 320, 380, 440, 500, 560, 620, 680, 740, 800, 860, 920, 980, 1040, 1100, 1160, 1220, 1280, 1340, 1400, 1460, 1520]
feasible = [true, true, true, true, true, true, true, true, true, true, true, true, true, true, true, true, true, true, true, true, true, true, true, false, true, false]
