fallback_feasible = [true, false, true, false, false, true, false, false, false, false]
cost = [[92.0, 0.0, 448.0, 0.0], [271.0, 0.0, 940.0, 0.0], [670.0, 0.0, 1836.0, 0.0], [930.0, 0.0, 2395.0, 0.0], [1818.0, 0.0, 3150.0, 0.0], [2245.0, 0.0, 3785.0, 0.0], [3646.0, 2.0, 4309.0, 0.0], [4007.0, 0.0, 4894.0, 0.0], [4143.0, 1.0, 5642.0, 0.0], [4625.0, 1.0, 6214.0, 0.0], [-1, -1, -1, -1]]
time = [0.979245671, 4.711712128, 2.402189183, 6.179404135, 4.614663981, 10.178842633, 8.642650676, 6.616657437, 6.477473702, 5.383635119, 17.551337251]
optimality_gap = [0, 2, 0, 22, 0, 117, 0, 0, 0, 0, 10000]
final_time = [387, 670, 541, 634, 538, 556, 320, 361, 456, 482, -1]
makespans = [387, 610, 441, 494, 358, 336, 60, 61, 116, 102, -421]
optimal = [true, false, true, false, true, false, true, true, true, true, false]
arrival_time = [0, 60, 100, 140, 180, 220, 260, 300, 340, 380, 420]
feasible = [true, true, true, true, true, true, true, true, true, true, false]
