fallback_feasible = [true, true, true, true, true, true, true, true, true, true, true, true, true, true, true, true, true, true, true, true, true, true, true, true, true, true, true, true, true, true, true, true, true, true, true, true, true, true, true]
cost = [[83.0, 0.0, 257.0, 0.0], [178.0, 0.0, 506.0, 0.0], [236.0, 0.0, 737.0, 0.0], [324.0, 0.0, 946.0, 0.0], [379.0, 0.0, 1150.0, 0.0], [432.0, 0.0, 1308.0, 0.0], [511.0, 0.0, 1551.0, 0.0], [627.0, 0.0, 1816.0, 0.0], [713.0, 0.0, 2034.0, 0.0], [776.0, 0.0, 2206.0, 0.0], [863.0, 0.0, 2389.0, 0.0], [925.0, 0.0, 2612.0, 0.0], [997.0, 0.0, 2802.0, 0.0], [1099.0, 0.0, 3052.0, 0.0], [1231.0, 0.0, 3285.0, 0.0], [1320.0, 0.0, 3558.0, 0.0], [1432.0, 0.0, 3840.0, 0.0], [1508.0, 0.0, 4064.0, 0.0], [1646.0, 0.0, 4293.0, 0.0], [1711.0, 0.0, 4528.0, 0.0], [1797.0, 0.0, 4746.0, 0.0], [1903.0, 0.0, 4981.0, 0.0], [1981.0, 0.0, 5204.0, 0.0], [2081.0, 0.0, 5385.0, 0.0], [2171.0, 0.0, 5595.0, 0.0], [2279.0, 0.0, 5821.0, 0.0], [2366.0, 0.0, 6052.0, 0.0], [2495.0, 0.0, 6263.0, 0.0], [2561.0, 0.0, 6502.0, 0.0], [2668.0, 0.0, 6708.0, 0.0], [2731.0, 0.0, 6946.0, 0.0], [2808.0, 0.0, 7157.0, 0.0], [2891.0, 0.0, 7391.0, 0.0], [2993.0, 0.0, 7629.0, 0.0], [3063.0, 0.0, 7847.0, 0.0], [3207.0, 0.0, 8098.0, 0.0], [3254.0, 0.0, 8233.0, 0.0], [3310.0, 0.0, 8428.0, 0.0], [3370.0, 0.0, 8654.0, 0.0], [3440.0, 0.0, 8907.0, 0.0]]
time = [0.453918387, 0.505951429, 0.520951011, 0.783804761, 0.604031466, 0.580891478, 0.662833358, 0.979300161, 0.978946106, 0.939537947, 1.107168422, 0.934539782, 1.132200608, 0.899151998, 1.152144687, 0.947408348, 1.205130451, 1.157384096, 1.292665025, 1.176321437, 1.308340022, 1.127638686, 1.323488119, 1.368755894, 1.477701497, 1.371076636, 1.340720691, 1.507794681, 1.43619329, 1.748317719, 1.495710749, 1.519141662, 1.581401522, 1.798633087, 1.584959288, 1.690170975, 1.676488196, 1.715791797, 1.794986268, 1.780746727]
optimality_gap = [0, 0, 0, 0, 0, 0, 0, 0, 0, 0, 0, 0, 0, 0, 0, 0, 0, 0, 0, 0, 0, 0, 0, 0, 0, 0, 0, 0, 0, 0, 0, 0, 0, 0, 0, 0, 0, 0, 0, 0]
final_time = [83, 178, 236, 324, 379, 432, 511, 627, 713, 776, 863, 925, 997, 1099, 1231, 1320, 1432, 1508, 1646, 1711, 1797, 1903, 1981, 2081, 2171, 2279, 2366, 2495, 2561, 2668, 2731, 2808, 2891, 2993, 3063, 3207, 3254, 3310, 3370, 3440]
makespans = [83, 118, 136, 184, 199, 212, 251, 327, 373, 396, 443, 465, 497, 559, 651, 700, 772, 808, 906, 931, 977, 1043, 1081, 1141, 1191, 1259, 1306, 1395, 1421, 1488, 1511, 1548, 1591, 1653, 1683, 1787, 1794, 1810, 1830, 1860]
optimal = [true, true, true, true, true, true, true, true, true, true, true, true, true, true, true, true, true, true, true, true, true, true, true, true, true, true, true, true, true, true, true, true, true, true, true, true, true, true, true, true]
arrival_time = [0, 60, 100, 140, 180, 220, 260, 300, 340, 380, 420, 460, 500, 540, 580, 620, 660, 700, 740, 780, 820, 860, 900, 940, 980, 1020, 1060, 1100, 1140, 1180, 1220, 1260, 1300, 1340, 1380, 1420, 1460, 1500, 1540, 1580]
feasible = [true, true, true, true, true, true, true, true, true, true, true, true, true, true, true, true, true, true, true, true, true, true, true, true, true, true, true, true, true, true, true, true, true, true, true, true, true, true, true, true]
