fallback_feasible = [true, true, true, false, true, false]
cost = [[88.0, 0.0, 709.0, 0.0], [281.0, 0.0, 1417.0, 0.0], [551.0, 0.0, 2405.0, 0.0], [-1, -1, -1, -1], [1320.0, 0.0, 3734.0, 0.0], [-1, -1, -1, -1], [-1, -1, -1, -1]]
time = [1.10380402, 1.287238942, 14.323242254, 9.38265903, 17.291164868, 10.284560345, 10.47603018]
optimality_gap = [0, 0, 0, 10000, 78, 10000, 10000]
final_time = [88, 193, 358, 483, 596, 718, -1]
makespans = [88, 103, 198, 253, 296, 348, -441]
optimal = [true, true, true, false, false, false, false]
arrival_time = [0, 90, 160, 230, 300, 370, 440]
feasible = [true, true, true, false, true, false, false]
