fallback_feasible = [true, true, true, true, true, true, true, true, true, true, true, true, true, true, true, true, true, true, true, true, true, true, true, true, true, true, true, true, true, true, false, false, false]
cost = [[82.0, 0.0, 236.0, 0.0], [176.0, 1.0, 460.0, 0.0], [311.0, 1.0, 701.0, 0.0], [434.0, 1.0, 885.0, 0.0], [539.0, 0.0, 1158.0, 0.0], [610.0, 0.0, 1351.0, 0.0], [687.0, 0.0, 1585.0, 0.0], [778.0, 0.0, 1775.0, 0.0], [862.0, 0.0, 1957.0, 0.0], [918.0, 1.0, 2145.0, 0.0], [1014.0, 0.0, 2410.0, 0.0], [1101.0, 0.0, 2634.0, 0.0], [921.0, 0.0, 2860.0, 0.0], [1264.0, 0.0, 3096.0, 0.0], [1634.0, 1.0, 3292.0, 0.0], [1715.0, 0.0, 3456.0, 0.0], [1470.0, 0.0, 3700.0, 0.0], [1554.0, 0.0, 3944.0, 0.0], [1648.0, 1.0, 4284.0, 0.0], [1409.0, 0.0, 4512.0, 0.0], [1899.0, 0.0, 4811.0, 0.0], [1995.0, 0.0, 5052.0, 0.0], [2530.0, 0.0, 5305.0, 0.0], [-1, -1, -1, -1], [-1, -1, -1, -1], [3471.0, 0.0, 6021.0, 0.0], [3071.0, 0.0, 6247.0, 0.0], [3164.0, 0.0, 6524.0, 0.0], [3805.0, 0.0, 6788.0, 0.0], [3905.0, 2.0, 7071.0, 0.0], [4575.0, 0.0, 7369.0, 0.0], [5107.0, 0.0, 7758.0, 0.0], [6009.0, 0.0, 8125.0, 0.0], [-1, -1, -1, -1]]
time = [0.430721153, 0.567024749, 0.61408985, 0.981119321, 0.914249002, 0.793508617, 1.117989013, 1.185724231, 0.792000941, 1.01983479, 0.7875464, 0.864575007, 1.034681485, 1.212045067, 1.1466646, 1.116362378, 0.933873237, 1.070638918, 1.129598286, 1.142157338, 1.322895023, 1.970844189, 1.34311667, 9.236041041, 9.222358217, 1.666757166, 2.094841432, 2.042747253, 2.027494333, 1.85028802, 5.37161345, 5.879318824, 7.545318475, 10.06322814]
optimality_gap = [0, 0, 0, 0, 0, 0, 0, 0, 0, 0, 0, 0, 0, 0, 0, 0, 0, 0, 0, 0, 0, 0, 0, 10000, 10000, 0, 0, 0, 0, 0, 1, 122, 114, 10000]
final_time = [82, 94, 135, 123, 187, 165, 200, 226, 249, 243, 296, 313, 312, 343, 370, 377, 380, 427, 464, 518, 490, 523, 535, 635, 1065, 580, 981, 628, 1013, 1122, 1037, 1157, 1006, -1]
makespans = [82, 54, 75, 43, 87, 45, 60, 66, 69, 43, 76, 73, 52, 63, 70, 57, 40, 67, 84, 118, 70, 83, 75, 155, 565, 60, 441, 68, 433, 522, 417, 517, 346, -681]
optimal = [true, true, true, true, true, true, true, true, true, true, true, true, true, true, true, true, true, true, true, true, true, true, true, false, false, true, true, true, true, true, false, false, false, false]
arrival_time = [0, 40, 60, 80, 100, 120, 140, 160, 180, 200, 220, 240, 260, 280, 300, 320, 340, 360, 380, 400, 420, 440, 460, 480, 500, 520, 540, 560, 580, 600, 620, 640, 660, 680]
feasible = [true, true, true, true, true, true, true, true, true, true, true, true, true, true, true, true, true, true, true, true, true, true, true, false, false, true, true, true, true, true, true, true, true, false]
