fallback_feasible = [true, true, true, true, true, false, false, true, false, false, false]
cost = [[106.0, 0.0, 431.0, 0.0], [258.0, 0.0, 882.0, 0.0], [448.0, 0.0, 1380.0, 0.0], [558.0, 0.0, 1768.0, 0.0], [673.0, 0.0, 2238.0, 0.0], [1058.0, 0.0, 3017.0, 0.0], [1760.0, 0.0, 3731.0, 0.0], [2197.0, 0.0, 4369.0, 0.0], [-1, -1, -1, -1], [3593.0, 0.0, 5381.0, 0.0], [4405.0, 0.0, 6251.0, 0.0], [-1, -1, -1, -1]]
time = [0.684345845, 1.127586304, 1.359238689, 1.4512121, 3.801275775, 5.359285014, 3.578794683, 10.65702495, 9.773287657, 7.487695788, 11.369167629, 15.938951379]
optimality_gap = [0, 0, 0, 0, 1, 102, 0, 2, 10000, 0, 296, 10000]
final_time = [106, 152, 190, 699, 809, 755, 363, 835, 855, 595, 784, -1]
makespans = [106, 92, 90, 559, 629, 535, 103, 535, 515, 215, 364, -461]
optimal = [true, true, true, true, false, false, true, false, false, true, false, false]
arrival_time = [0, 60, 100, 140, 180, 220, 260, 300, 340, 380, 420, 460]
feasible = [true, true, true, true, true, true, true, true, false, true, true, false]
