fallback_feasible = [true, true, true, true, true, true, true, false]
cost = [[123.0, 0.0, 452.0, 0.0], [295.0, 0.0, 905.0, 0.0], [477.0, 0.0, 1304.0, 0.0], [578.0, 0.0, 1789.0, 0.0], [853.0, 0.0, 2223.0, 0.0], [862.0, 0.0, 2796.0, 0.0], [988.0, 1.0, 3253.0, 0.0], [1147.0, 2.0, 3730.0, 0.0], [-1, -1, -1, -1]]
time = [0.920656318, 1.397682398, 1.53784027, 1.52524464, 1.481792576, 1.530222585, 1.615483858, 4.994872284, 9.769496324]
optimality_gap = [0, 0, 0, 0, 0, 0, 0, 1, 10000]
final_time = [123, 172, 182, 224, 275, 423, 484, 562, -1]
makespans = [123, 112, 82, 84, 95, 203, 224, 262, -341]
optimal = [true, true, true, true, true, true, true, false, false]
arrival_time = [0, 60, 100, 140, 180, 220, 260, 300, 340]
feasible = [true, true, true, true, true, true, true, true, false]
