fallback_feasible = [true, true, true, true, true, true, true, true, true, false, true, true, true, true, true, true, true, true, true, true, true, true, true, false, true, true, false, true, false, true, true, true, true, true, true, true, true, true, true]
cost = [[95.0, 0.0, 204.0, 0.0], [209.0, 0.0, 433.0, 0.0], [363.0, 0.0, 703.0, 0.0], [482.0, 0.0, 968.0, 0.0], [582.0, 0.0, 1201.0, 0.0], [683.0, 0.0, 1490.0, 0.0], [957.0, 0.0, 1755.0, 0.0], [819.0, 0.0, 1966.0, 0.0], [1131.0, 0.0, 2188.0, 0.0], [1011.0, 0.0, 2517.0, 0.0], [1107.0, 0.0, 2816.0, 0.0], [1230.0, 0.0, 3122.0, 0.0], [1867.0, 0.0, 3477.0, 0.0], [2317.0, 0.0, 3727.0, 0.0], [2811.0, 0.0, 3937.0, 0.0], [2023.0, 0.0, 4191.0, 0.0], [2113.0, 0.0, 4423.0, 0.0], [1715.0, 0.0, 4676.0, 0.0], [1816.0, 0.0, 4931.0, 0.0], [1862.0, 0.0, 5103.0, 0.0], [2015.0, 0.0, 5425.0, 0.0], [2145.0, 0.0, 5675.0, 0.0], [2245.0, 0.0, 5914.0, 0.0], [3237.0, 0.0, 6267.0, 0.0], [4054.0, 1.0, 6583.0, 0.0], [4905.0, 0.0, 6860.0, 0.0], [5403.0, 0.0, 7244.0, 0.0], [6315.0, 0.0, 7573.0, 0.0], [7245.0, 0.0, 7818.0, 0.0], [7384.0, 0.0, 8050.0, 0.0], [4798.0, 1.0, 8434.0, 0.0], [3040.0, 0.0, 8714.0, 0.0], [4130.0, 0.0, 8968.0, 0.0], [5223.0, 0.0, 9165.0, 0.0], [3299.0, 0.0, 9425.0, 0.0], [4429.0, 0.0, 9675.0, 0.0], [4533.0, 0.0, 9913.0, 0.0], [3541.0, 0.0, 10180.0, 0.0], [3676.0, 0.0, 10537.0, 0.0], [4943.0, 0.0, 10761.0, 0.0]]
time = [0.49655566, 0.984311, 0.704277774, 0.730145455, 1.009369555, 0.932585061, 0.971762401, 0.826001431, 0.854104014, 0.786922038, 1.082140263, 3.849055204, 1.565211465, 1.4406857, 1.375320891, 1.169083216, 1.0483533, 1.067543494, 1.440959871, 0.961889592, 1.081823317, 0.983990216, 3.671525438, 2.200417519, 1.999052196, 7.454648649, 2.379608183, 2.333109981, 2.210708157, 1.816679086, 1.323513397, 1.128896223, 1.365996141, 1.145821043, 1.282947214, 1.368278521, 1.296279242, 1.243115908, 1.566554673, 1.591606209]
optimality_gap = [0, 0, 0, 0, 0, 0, 0, 0, 0, 0, 0, 1, 0, 0, 0, 0, 0, 0, 0, 0, 0, 0, 1, 0, 0, 1, 0, 0, 0, 0, 0, 0, 0, 0, 0, 0, 0, 0, 0, 0]
final_time = [95, 114, 154, 214, 214, 255, 274, 290, 312, 484, 451, 496, 436, 450, 494, 549, 574, 592, 650, 620, 900, 901, 907, 770, 897, 929, 869, 912, 930, 1008, 1019, 1013, 1090, 1093, 1116, 1130, 1194, 1217, 1265, 1267]
makespans = [95, 64, 74, 104, 74, 85, 74, 60, 52, 194, 131, 146, 56, 40, 54, 79, 74, 62, 90, 30, 280, 251, 227, 60, 157, 159, 69, 82, 70, 118, 99, 63, 110, 83, 76, 60, 94, 87, 105, 77]
optimal = [true, true, true, true, true, true, true, true, true, true, true, false, true, true, true, true, true, true, true, true, true, true, false, true, true, false, true, true, true, true, true, true, true, true, true, true, true, true, true, true]
arrival_time = [0, 50, 80, 110, 140, 170, 200, 230, 260, 290, 320, 350, 380, 410, 440, 470, 500, 530, 560, 590, 620, 650, 680, 710, 740, 770, 800, 830, 860, 890, 920, 950, 980, 1010, 1040, 1070, 1100, 1130, 1160, 1190]
feasible = [true, true, true, true, true, true, true, true, true, true, true, true, true, true, true, true, true, true, true, true, true, true, true, true, true, true, true, true, true, true, true, true, true, true, true, true, true, true, true, true]
