fallback_feasible = [true, true, false, true, true, true, true, true, true, true, false]
cost = [[87.0, 0.0, 442.0, 0.0], [238.0, 0.0, 961.0, 0.0], [393.0, 0.0, 1455.0, 0.0], [519.0, 0.0, 1975.0, 0.0], [984.0, 0.0, 2820.0, 0.0], [1344.0, 0.0, 3145.0, 0.0], [1453.0, 0.0, 3666.0, 0.0], [1280.0, 0.0, 4204.0, 0.0], [1041.0, 0.0, 4730.0, 0.0], [1625.0, 0.0, 5144.0, 0.0], [1818.0, 0.0, 5687.0, 0.0], [-1, -1, -1, -1]]
time = [0.729489824, 1.111797902, 1.274322697, 4.472740047, 2.50400164, 2.266555619, 1.756117599, 1.81778848, 1.558657566, 1.507922761, 3.749146761, 7.375960521]
optimality_gap = [0, 0, 0, 2, 0, 0, 0, 0, 0, 0, 77, 10000]
final_time = [87, 151, 318, 379, 287, 360, 396, 505, 658, 720, 757, -1]
makespans = [87, 81, 198, 209, 67, 90, 76, 135, 238, 250, 237, -571]
optimal = [true, true, true, false, true, true, true, true, true, true, false, false]
arrival_time = [0, 70, 120, 170, 220, 270, 320, 370, 420, 470, 520, 570]
feasible = [true, true, true, true, true, true, true, true, true, true, true, false]
