fallback_feasible = [true, true, true, true, true, false, true, false, false, false, false, false, true, true, true, true, true, true, true, true, true, true, true, true, true, true, true, true, true, false, true, true, true, false, true, true, true, false, true]
cost = [[95.0, 0.0, 204.0, 0.0], [240.0, 0.0, 492.0, 0.0], [447.0, 0.0, 824.0, 0.0], [621.0, 0.0, 1103.0, 0.0], [896.0, 0.0, 1371.0, 0.0], [1076.0, 1.0, 1739.0, 0.0], [1421.0, 0.0, 2062.0, 0.0], [1568.0, 1.0, 2312.0, 0.0], [1944.0, 1.0, 2618.0, 0.0], [1864.0, 2.0, 2992.0, 0.0], [2283.0, 2.0, 3259.0, 0.0], [2434.0, 2.0, 3650.0, 0.0], [2210.0, 2.0, 3899.0, 0.0], [2371.0, 0.0, 4107.0, 0.0], [2455.0, 0.0, 4387.0, 0.0], [3010.0, 0.0, 4654.0, 0.0], [2196.0, 0.0, 4905.0, 0.0], [2303.0, 0.0, 5157.0, 0.0], [2435.0, 0.0, 5410.0, 0.0], [2523.0, 1.0, 5591.0, 0.0], [2073.0, 0.0, 5931.0, 0.0], [2842.0, 0.0, 6232.0, 0.0], [2974.0, 0.0, 6469.0, 0.0], [3097.0, 0.0, 6704.0, 0.0], [3945.0, 0.0, 7047.0, 0.0], [4057.0, 2.0, 7334.0, 0.0], [3398.0, 1.0, 7576.0, 0.0], [3526.0, 0.0, 7862.0, 0.0], [3621.0, 0.0, 8112.0, 0.0], [3777.0, 0.0, 8444.0, 0.0], [3931.0, 2.0, 8783.0, 0.0], [4041.0, 2.0, 9080.0, 0.0], [4206.0, 1.0, 9364.0, 0.0], [5309.0, 0.0, 9624.0, 0.0], [5422.0, 0.0, 9855.0, 0.0], [4495.0, 0.0, 10123.0, 0.0], [5710.0, 0.0, 10422.0, 0.0], [4725.0, 0.0, 10689.0, 0.0], [3723.0, 0.0, 11043.0, 0.0], [5008.0, 0.0, 11293.0, 0.0]]
time = [0.508814729, 0.878448011, 1.379338938, 1.402618772, 1.756000071, 2.120605474, 2.368651219, 2.375764508, 2.563469714, 2.527185049, 2.425554757, 2.448664714, 8.124053595, 2.505693824, 2.192797702, 2.015588899, 1.968561892, 1.944348442, 2.16264745, 2.241864282, 2.192898531, 2.113691952, 2.705533342, 2.944250371, 2.840657686, 2.822796327, 2.606987623, 2.801783874, 2.564492955, 3.076625462, 2.81972966, 2.990491551, 2.995170389, 2.673512341, 2.828708481, 2.936468973, 3.02229229, 3.083581358, 3.663334224, 3.895099771]
optimality_gap = [0, 0, 0, 0, 0, 0, 0, 0, 0, 0, 0, 0, 2, 0, 0, 0, 0, 0, 0, 0, 0, 0, 0, 0, 0, 0, 0, 0, 0, 0, 0, 0, 0, 0, 0, 0, 0, 0, 0, 0]
final_time = [95, 145, 207, 269, 275, 325, 345, 354, 376, 464, 419, 478, 543, 467, 503, 555, 595, 610, 675, 643, 755, 769, 775, 798, 848, 867, 885, 926, 943, 1023, 1039, 1036, 1108, 1103, 1136, 1148, 1215, 1226, 1282, 1285]
makespans = [95, 95, 127, 159, 135, 155, 145, 124, 116, 174, 99, 128, 163, 57, 63, 85, 95, 80, 115, 53, 135, 119, 95, 88, 108, 97, 85, 96, 83, 133, 119, 86, 128, 93, 96, 78, 115, 96, 122, 95]
optimal = [true, true, true, true, true, true, true, true, true, true, true, true, false, true, true, true, true, true, true, true, true, true, true, true, true, true, true, true, true, true, true, true, true, true, true, true, true, true, true, true]
arrival_time = [0, 50, 80, 110, 140, 170, 200, 230, 260, 290, 320, 350, 380, 410, 440, 470, 500, 530, 560, 590, 620, 650, 680, 710, 740, 770, 800, 830, 860, 890, 920, 950, 980, 1010, 1040, 1070, 1100, 1130, 1160, 1190]
feasible = [true, true, true, true, true, true, true, true, true, true, true, true, true, true, true, true, true, true, true, true, true, true, true, true, true, true, true, true, true, true, true, true, true, true, true, true, true, true, true, true]
