fallback_feasible = [true, true, true, true, true, true, true, true, false, false]
cost = [[75.0, 0.0, 454.0, 0.0], [293.0, 0.0, 915.0, 0.0], [422.0, 0.0, 1403.0, 0.0], [645.0, 0.0, 1902.0, 0.0], [989.0, 0.0, 2387.0, 0.0], [692.0, 0.0, 2878.0, 0.0], [1348.0, 1.0, 3723.0, 0.0], [2053.0, 0.0, 4500.0, 0.0], [4002.0, 1.0, 5243.0, 0.0], [5429.0, 0.0, 6321.0, 0.0], [-1, -1, -1, -1]]
time = [0.823724605, 1.016469398, 0.913142789, 1.639838314, 1.260390902, 5.50186887, 5.87897034, 16.040327252, 19.034019147, 10.764534515, 18.987654264]
optimality_gap = [0, 0, 0, 0, 0, 3, 54, 1, 753, 0, 10000]
final_time = [75, 218, 204, 223, 994, 1048, 1033, 949, 871, 534, -1]
makespans = [75, 148, 84, 53, 774, 778, 713, 579, 451, 64, -521]
optimal = [true, true, true, true, true, false, false, false, false, true, false]
arrival_time = [0, 70, 120, 170, 220, 270, 320, 370, 420, 470, 520]
feasible = [true, true, true, true, true, true, true, true, true, true, false]
