fallback_feasible = [true, true, true, false, true, true, true, true, true, true, true, true, true, false, true, true, true, true, true, true, true, false, true, true, true, false, true, false, true, true, false, true, true, true, true, true, true, true, true]
cost = [[88.0, 0.0, 236.0, 0.0], [257.0, 0.0, 522.0, 0.0], [402.0, 0.0, 888.0, 0.0], [660.0, 0.0, 1147.0, 0.0], [777.0, 1.0, 1444.0, 0.0], [1143.0, 1.0, 1705.0, 0.0], [1286.0, 0.0, 2023.0, 0.0], [1160.0, 0.0, 2247.0, 0.0], [1598.0, 0.0, 2508.0, 0.0], [1720.0, 0.0, 2789.0, 0.0], [1905.0, 1.0, 3086.0, 0.0], [1617.0, 0.0, 3361.0, 0.0], [1886.0, 0.0, 3693.0, 0.0], [2558.0, 2.0, 3946.0, 0.0], [2680.0, 0.0, 4210.0, 0.0], [3400.0, 0.0, 4460.0, 0.0], [4154.0, 0.0, 4781.0, 0.0], [2263.0, 2.0, 5072.0, 0.0], [2341.0, 0.0, 5304.0, 0.0], [2461.0, 1.0, 5561.0, 0.0], [1807.0, 0.0, 5833.0, 0.0], [2822.0, 0.0, 6031.0, 0.0], [2937.0, 0.0, 6246.0, 0.0], [4023.0, 0.0, 6559.0, 0.0], [4164.0, 0.0, 6850.0, 0.0], [3352.0, 0.0, 7216.0, 0.0], [4568.0, 1.0, 7514.0, 0.0], [3587.0, 0.0, 7788.0, 0.0], [4966.0, 2.0, 8099.0, 0.0], [6258.0, 0.0, 8381.0, 0.0], [6413.0, 1.0, 8677.0, 0.0], [6568.0, 0.0, 8969.0, 0.0], [6684.0, 0.0, 9216.0, 0.0], [5518.0, 0.0, 9479.0, 0.0], [5639.0, 0.0, 9747.0, 0.0], [4400.0, 0.0, 10065.0, 0.0], [4544.0, 1.0, 10362.0, 0.0], [4675.0, 0.0, 10641.0, 0.0], [4789.0, 1.0, 10943.0, 0.0], [6502.0, 0.0, 11249.0, 0.0]]
time = [0.52600126, 0.871849651, 0.980110805, 1.124233275, 1.12213619, 1.4457574, 1.540446382, 1.582166971, 1.876444578, 1.868011996, 1.603473908, 8.154476454, 2.167490813, 2.468388307, 4.47501887, 4.055054566, 3.762746615, 2.279843544, 3.22126475, 2.03959761, 9.531558254, 2.331840571, 2.656729803, 2.640842945, 2.898239417, 2.766847081, 2.95259935, 8.544621804, 3.202004305, 3.272223055, 2.96276897, 3.155418941, 3.032170834, 2.681556073, 2.610303734, 2.63296018, 2.579008497, 2.43455692, 2.686436356, 2.941962969]
optimality_gap = [0, 0, 0, 0, 0, 0, 0, 0, 0, 0, 0, 2, 0, 0, 0, 0, 0, 0, 0, 0, 3, 0, 0, 0, 0, 0, 0, 1, 0, 0, 0, 0, 0, 0, 0, 0, 0, 0, 0, 0]
final_time = [88, 169, 233, 258, 286, 366, 376, 418, 438, 488, 563, 659, 664, 672, 685, 720, 754, 789, 798, 876, 1002, 944, 991, 1086, 1085, 1181, 1216, 1267, 1302, 1292, 1336, 1371, 1383, 1428, 1457, 1515, 1572, 1588, 1629, 1713]
makespans = [88, 109, 133, 118, 106, 146, 116, 118, 98, 108, 143, 199, 164, 132, 105, 100, 94, 89, 58, 96, 182, 84, 91, 146, 105, 161, 156, 167, 162, 112, 116, 111, 83, 88, 77, 95, 112, 88, 89, 133]
optimal = [true, true, true, true, true, true, true, true, true, true, true, false, true, true, true, true, true, true, true, true, false, true, true, true, true, true, true, false, true, true, true, true, true, true, true, true, true, true, true, true]
arrival_time = [0, 60, 100, 140, 180, 220, 260, 300, 340, 380, 420, 460, 500, 540, 580, 620, 660, 700, 740, 780, 820, 860, 900, 940, 980, 1020, 1060, 1100, 1140, 1180, 1220, 1260, 1300, 1340, 1380, 1420, 1460, 1500, 1540, 1580]
feasible = [true, true, true, true, true, true, true, true, true, true, true, true, true, true, true, true, true, true, true, true, true, true, true, true, true, true, true, true, true, true, true, true, true, true, true, true, true, true, true, true]
