fallback_feasible = [true, true, true, true, true, true, true, true, true, true, true, true, true, true, true, true, true, true, true, true, true, true, true, true, true, true, true, true, true, true, true, true, true, true, true, true, true, true, true]
cost = [[92.0, 0.0, 636.0, 0.0], [275.0, 1.0, 1416.0, 0.0], [482.0, 0.0, 1982.0, 0.0], [658.0, 0.0, 2834.0, 0.0], [1054.0, 0.0, 3488.0, 0.0], [1250.0, 0.0, 4277.0, 0.0], [1079.0, 0.0, 4968.0, 0.0], [1651.0, 1.0, 5621.0, 0.0], [1853.0, 0.0, 6310.0, 0.0], [1414.0, 0.0, 7087.0, 0.0], [1504.0, 0.0, 7713.0, 0.0], [1698.0, 0.0, 8345.0, 0.0], [1873.0, 0.0, 9135.0, 0.0], [2916.0, 0.0, 9824.0, 0.0], [2141.0, 0.0, 10634.0, 0.0], [2293.0, 0.0, 11285.0, 0.0], [2446.0, 0.0, 12109.0, 0.0], [3798.0, 0.0, 12915.0, 0.0], [2802.0, 0.0, 13716.0, 0.0], [4251.0, 1.0, 14440.0, 0.0], [4397.0, 0.0, 15200.0, 0.0], [3125.0, 0.0, 15970.0, 0.0], [3263.0, 0.0, 16689.0, 0.0], [4983.0, 0.0, 17426.0, 0.0], [3580.0, 0.0, 18134.0, 0.0], [3770.0, 0.0, 18863.0, 0.0], [5679.0, 2.0, 19653.0, 0.0], [5833.0, 0.0, 20450.0, 0.0], [4091.0, 0.0, 21202.0, 0.0], [4191.0, 0.0, 21880.0, 0.0], [4322.0, 0.0, 22536.0, 0.0], [4544.0, 1.0, 23264.0, 0.0], [4711.0, 0.0, 24183.0, 0.0], [7115.0, 1.0, 24935.0, 0.0], [4896.0, 0.0, 25615.0, 0.0], [5066.0, 0.0, 26352.0, 0.0], [5182.0, 0.0, 26982.0, 0.0], [5320.0, 0.0, 27862.0, 0.0], [5500.0, 0.0, 28475.0, 0.0], [8560.0, 0.0, 29504.0, 0.0]]
time = [0.945136506, 1.515206878, 1.429622936, 1.799924513, 1.700127535, 1.726772209, 1.908786928, 1.677955809, 1.616256126, 2.071236141, 1.587171494, 1.609196151, 2.359187476, 1.955481256, 2.056801413, 2.3629968, 2.241186039, 2.386592405, 2.535913683, 2.63370713, 2.370768, 2.134346148, 2.565629175, 1.98967236, 2.424129101, 2.721349432, 2.513129063, 2.292555527, 2.584204325, 2.448746089, 2.625758933, 2.572502132, 2.882508901, 2.973817565, 2.641864583, 2.689754255, 2.840485005, 2.647097478, 5.913080372, 5.008998134]
optimality_gap = [0, 0, 0, 0, 0, 0, 0, 0, 0, 0, 0, 0, 0, 0, 0, 0, 0, 0, 0, 0, 0, 0, 0, 0, 0, 0, 0, 0, 0, 0, 0, 0, 0, 0, 0, 0, 0, 0, 32, 0]
final_time = [92, 183, 299, 359, 396, 495, 584, 572, 697, 717, 787, 911, 962, 1043, 1098, 1195, 1251, 1352, 1450, 1449, 1498, 1627, 1636, 1720, 1860, 1910, 1909, 2014, 2077, 2114, 2208, 2336, 2375, 2404, 2492, 2574, 2608, 2824, 2870, 2866]
makespans = [92, 93, 139, 129, 96, 125, 144, 62, 117, 67, 67, 121, 102, 113, 98, 125, 111, 142, 170, 99, 78, 137, 76, 90, 160, 140, 69, 104, 97, 64, 88, 146, 115, 74, 92, 104, 68, 214, 190, 116]
optimal = [true, true, true, true, true, true, true, true, true, true, true, true, true, true, true, true, true, true, true, true, true, true, true, true, true, true, true, true, true, true, true, true, true, true, true, true, true, true, false, true]
arrival_time = [0, 90, 160, 230, 300, 370, 440, 510, 580, 650, 720, 790, 860, 930, 1000, 1070, 1140, 1210, 1280, 1350, 1420, 1490, 1560, 1630, 1700, 1770, 1840, 1910, 1980, 2050, 2120, 2190, 2260, 2330, 2400, 2470, 2540, 2610, 2680, 2750]
feasible = [true, true, true, true, true, true, true, true, true, true, true, true, true, true, true, true, true, true, true, true, true, true, true, true, true, true, true, true, true, true, true, true, true, true, true, true, true, true, true, true]
