fallback_feasible = [true, true, true, true, true, true, true, true, true, true, true, true, true, true, true, true, true, true, false, true, true, true, true, true, true, true, true, true, true, true, true, true, true, false, true, true, true, true, true]
cost = [[75.0, 0.0, 454.0, 0.0], [303.0, 0.0, 887.0, 0.0], [442.0, 0.0, 1345.0, 0.0], [674.0, 1.0, 1788.0, 0.0], [1028.0, 0.0, 2312.0, 0.0], [712.0, 0.0, 2838.0, 0.0], [1319.0, 0.0, 3680.0, 0.0], [1759.0, 0.0, 4165.0, 0.0], [2263.0, 1.0, 4666.0, 0.0], [1051.0, 1.0, 5137.0, 0.0], [1188.0, 0.0, 5645.0, 0.0], [1376.0, 0.0, 6171.0, 0.0], [2071.0, 1.0, 6718.0, 0.0], [2179.0, 0.0, 7145.0, 0.0], [2289.0, 1.0, 7563.0, 0.0], [1680.0, 0.0, 8005.0, 0.0], [1769.0, 0.0, 8487.0, 0.0], [2724.0, 0.0, 8913.0, 0.0], [1993.0, 0.0, 9320.0, 0.0], [2101.0, 0.0, 9888.0, 0.0], [3203.0, 1.0, 10381.0, 0.0], [3331.0, 0.0, 10828.0, 0.0], [2364.0, 0.0, 11304.0, 0.0], [3616.0, 1.0, 11636.0, 0.0], [2598.0, 0.0, 12181.0, 0.0], [2745.0, 0.0, 12596.0, 0.0], [-1, -1, -1, -1], [4397.0, 0.0, 13490.0, 0.0], [4512.0, 0.0, 14080.0, 0.0], [6071.0, 0.0, 14570.0, 0.0], [4694.0, 0.0, 15042.0, 0.0], [3267.0, 0.0, 15370.0, 0.0], [4973.0, 0.0, 15762.0, 0.0], [3467.0, 0.0, 16120.0, 0.0], [3569.0, 0.0, 16578.0, 0.0], [5461.0, 0.0, 17020.0, 0.0], [3819.0, 0.0, 17486.0, 0.0], [5781.0, 0.0, 17907.0, 0.0], [5898.0, 0.0, 18440.0, 0.0], [6017.0, 0.0, 18930.0, 0.0]]
time = [0.851631489, 1.349492034, 1.189458708, 1.600339834, 1.250235409, 5.17644878, 3.511461285, 2.620715125, 1.53853144, 1.36093348, 1.378949755, 1.639575508, 1.812263006, 1.432401268, 1.281690987, 1.560110738, 1.439850572, 1.042698504, 1.512785933, 1.473542683, 1.7428179, 1.736907972, 1.523425212, 1.437089068, 1.951307706, 1.683804194, 9.263894233, 2.931643096, 2.313224903, 2.170037184, 1.877869411, 1.674642099, 1.760993991, 1.678844298, 1.710596118, 1.951458139, 1.731303518, 2.215159704, 2.064195489, 2.290748422]
optimality_gap = [0, 0, 0, 0, 0, 3, 0, 0, 0, 0, 0, 0, 0, 0, 0, 0, 0, 0, 0, 0, 0, 0, 0, 0, 0, 0, 10000, 0, 0, 0, 0, 0, 0, 0, 0, 0, 0, 0, 0, 0]
final_time = [75, 228, 214, 232, 445, 437, 437, 440, 504, 547, 641, 735, 695, 749, 805, 875, 894, 955, 1038, 1063, 1102, 1166, 1198, 1252, 1358, 1399, 1506, 1492, 1514, 1559, 1621, 1646, 1706, 1761, 1808, 1892, 1927, 1963, 2009, 2045]
makespans = [75, 158, 94, 62, 225, 167, 117, 70, 84, 77, 121, 165, 75, 79, 85, 105, 74, 85, 118, 93, 82, 96, 78, 82, 138, 129, 186, 122, 94, 89, 101, 76, 86, 91, 88, 122, 107, 93, 89, 75]
optimal = [true, true, true, true, true, false, true, true, true, true, true, true, true, true, true, true, true, true, true, true, true, true, true, true, true, true, false, true, true, true, true, true, true, true, true, true, true, true, true, true]
arrival_time = [0, 70, 120, 170, 220, 270, 320, 370, 420, 470, 520, 570, 620, 670, 720, 770, 820, 870, 920, 970, 1020, 1070, 1120, 1170, 1220, 1270, 1320, 1370, 1420, 1470, 1520, 1570, 1620, 1670, 1720, 1770, 1820, 1870, 1920, 1970]
feasible = [true, true, true, true, true, true, true, true, true, true, true, true, true, true, true, true, true, true, true, true, true, true, true, true, true, true, false, true, true, true, true, true, true, true, true, true, true, true, true, true]
