fallback_feasible = [true, true, true, true, true, false]
cost = [[102.0, 0.0, 632.0, 0.0], [320.0, 0.0, 1357.0, 0.0], [477.0, 0.0, 2017.0, 0.0], [685.0, 0.0, 2673.0, 0.0], [884.0, 0.0, 3367.0, 0.0], [2221.0, 1.0, 4760.0, 0.0], [-1, -1, -1, -1]]
time = [1.269114162, 1.543949538, 1.553339657, 1.655251091, 4.839277345, 11.930542898, 33.35093749]
optimality_gap = [0, 0, 0, 0, 15, 597, 10000]
final_time = [102, 218, 259, 861, 878, 855, -1]
makespans = [102, 118, 79, 601, 538, 435, -501]
optimal = [true, true, true, true, false, false, false]
arrival_time = [0, 100, 180, 260, 340, 420, 500]
feasible = [true, true, true, true, true, true, false]
