fallback_feasible = [true, true, true, true, true, true, true, true, true, true, true, true, true, true, true, true, true, true, true, true, true, true, true, true, true, true, true, true, false, false, true, true, true, true, true, true, true, true, true]
cost = [[88.0, 0.0, 236.0, 0.0], [222.0, 0.0, 496.0, 0.0], [341.0, 0.0, 806.0, 0.0], [578.0, 0.0, 1127.0, 0.0], [706.0, 0.0, 1399.0, 0.0], [821.0, 0.0, 1655.0, 0.0], [924.0, 0.0, 1990.0, 0.0], [1039.0, 0.0, 2214.0, 0.0], [1132.0, 0.0, 2447.0, 0.0], [1266.0, 0.0, 2673.0, 0.0], [1438.0, 0.0, 2970.0, 0.0], [1553.0, 0.0, 3271.0, 0.0], [1675.0, 0.0, 3513.0, 0.0], [1761.0, 1.0, 3759.0, 0.0], [1844.0, 0.0, 4080.0, 0.0], [1922.0, 0.0, 4318.0, 0.0], [1423.0, 0.0, 4604.0, 0.0], [1526.0, 0.0, 4851.0, 0.0], [2311.0, 0.0, 5021.0, 0.0], [2426.0, 0.0, 5250.0, 0.0], [1752.0, 0.0, 5452.0, 0.0], [2653.0, 0.0, 5633.0, 0.0], [1837.0, 0.0, 5802.0, 0.0], [1964.0, 0.0, 6046.0, 0.0], [2090.0, 0.0, 6291.0, 0.0], [3238.0, 2.0, 6573.0, 0.0], [3416.0, 0.0, 6842.0, 0.0], [3514.0, 1.0, 7128.0, 0.0], [4806.0, 0.0, 7423.0, 0.0], [5192.0, 0.0, 7789.0, 0.0], [6476.0, 0.0, 8020.0, 0.0], [5338.0, 0.0, 8222.0, 0.0], [5403.0, 0.0, 8533.0, 0.0], [6825.0, 0.0, 8778.0, 0.0], [4252.0, 0.0, 9024.0, 0.0], [4363.0, 1.0, 9332.0, 0.0], [3048.0, 0.0, 9628.0, 0.0], [4628.0, 0.0, 9865.0, 0.0], [4737.0, 0.0, 10075.0, 0.0], [4884.0, 0.0, 10336.0, 0.0]]
time = [0.480161973, 0.684043266, 0.865056077, 0.877190583, 0.891788307, 0.980226096, 0.737951979, 0.737526806, 0.67387286, 0.938110958, 1.322038865, 0.871996186, 0.804414302, 1.084080462, 1.020937849, 0.898087971, 0.92949516, 1.018106909, 1.058148625, 0.88081432, 0.713741162, 0.731436555, 0.623654729, 0.796362756, 1.119059179, 1.171090234, 1.293624514, 1.54488855, 9.24632653, 1.877017787, 1.812224609, 1.509996091, 1.299256871, 0.98789592, 1.214603052, 1.150547264, 1.182311163, 1.168961161, 1.261155193, 1.245020337]
optimality_gap = [0, 0, 0, 0, 0, 0, 0, 0, 0, 0, 0, 0, 0, 0, 0, 0, 0, 0, 0, 0, 0, 0, 0, 0, 0, 0, 0, 0, 18, 0, 0, 0, 0, 0, 0, 0, 0, 0, 0, 0]
final_time = [88, 134, 207, 237, 262, 322, 340, 377, 415, 474, 549, 530, 596, 616, 632, 674, 749, 777, 785, 864, 888, 901, 936, 1028, 1062, 1148, 1334, 1238, 1381, 1239, 1284, 1339, 1349, 1422, 1449, 1492, 1556, 1580, 1601, 1703]
makespans = [88, 74, 107, 97, 82, 102, 80, 77, 75, 94, 129, 70, 96, 76, 52, 54, 89, 77, 45, 84, 68, 41, 36, 88, 82, 128, 274, 138, 241, 59, 64, 79, 49, 82, 69, 72, 96, 80, 61, 123]
optimal = [true, true, true, true, true, true, true, true, true, true, true, true, true, true, true, true, true, true, true, true, true, true, true, true, true, true, true, true, false, true, true, true, true, true, true, true, true, true, true, true]
arrival_time = [0, 60, 100, 140, 180, 220, 260, 300, 340, 380, 420, 460, 500, 540, 580, 620, 660, 700, 740, 780, 820, 860, 900, 940, 980, 1020, 1060, 1100, 1140, 1180, 1220, 1260, 1300, 1340, 1380, 1420, 1460, 1500, 1540, 1580]
feasible = [true, true, true, true, true, true, true, true, true, true, true, true, true, true, true, true, true, true, true, true, true, true, true, true, true, true, true, true, true, true, true, true, true, true, true, true, true, true, true, true]
