fallback_feasible = [true, true, false, true, false, true, false, false, false, true, true, true, true, true, true, true, true, false, true, false, true, true, false, false, true, true, false, false, false, false]
cost = [[72.0, 0.0, 216.0, 0.0], [220.0, 0.0, 423.0, 0.0], [384.0, 0.0, 695.0, 0.0], [534.0, 1.0, 1007.0, 0.0], [617.0, 0.0, 1233.0, 0.0], [1152.0, 0.0, 1584.0, 0.0], [1506.0, 0.0, 1880.0, 0.0], [1733.0, 0.0, 2205.0, 0.0], [1998.0, 0.0, 2545.0, 0.0], [2081.0, 1.0, 2823.0, 0.0], [2156.0, 0.0, 3089.0, 0.0], [2038.0, 0.0, 3338.0, 0.0], [2353.0, 0.0, 3603.0, 0.0], [2435.0, 0.0, 3858.0, 0.0], [1968.0, 0.0, 4097.0, 0.0], [2059.0, 0.0, 4351.0, 0.0], [1482.0, 0.0, 4584.0, 0.0], [1591.0, 0.0, 4859.0, 0.0], [1754.0, 0.0, 5110.0, 0.0], [1468.0, 0.0, 5370.0, 0.0], [1942.0, 0.0, 5605.0, 0.0], [2440.0, 0.0, 5852.0, 0.0], [2979.0, 0.0, 6148.0, 0.0], [3472.0, 0.0, 6553.0, 0.0], [4039.0, 1.0, 6816.0, 0.0], [4624.0, 1.0, 7043.0, 0.0], [5256.0, 0.0, 7416.0, 0.0], [5752.0, 0.0, 7974.0, 0.0], [8116.0, 0.0, 8388.0, 0.0], [10296.0, 0.0, 8662.0, 0.0], [-1, -1, -1, -1]]
time = [0.458192963, 0.88502008, 0.950644176, 1.364119469, 5.813024204, 4.246352092, 1.781139189, 2.335563562, 3.523023654, 2.279417212, 2.296226318, 2.079597195, 1.641837409, 1.318347483, 1.393591344, 1.129664706, 0.885365633, 0.844133822, 1.542985635, 1.316737751, 1.411204377, 1.466113418, 9.440541761, 2.23453987, 2.254163273, 2.572266092, 6.906368022, 6.862444809, 7.849003482, 8.933186586, 10.493208791]
optimality_gap = [0, 0, 0, 0, 1, 119, 0, 0, 0, 0, 0, 0, 0, 0, 0, 0, 0, 0, 0, 0, 0, 0, 1, 0, 0, 0, 1, 9, 391, 0, 10000]
final_time = [72, 297, 207, 189, 273, 325, 215, 227, 265, 272, 282, 324, 315, 347, 360, 388, 387, 456, 968, 940, 967, 839, 978, 550, 917, 982, 1055, 1000, 958, 692, -1]
makespans = [72, 257, 147, 109, 173, 205, 75, 67, 85, 72, 62, 84, 55, 67, 60, 68, 47, 96, 588, 540, 547, 399, 518, 70, 417, 462, 515, 440, 378, 92, -621]
optimal = [true, true, true, true, false, false, true, true, true, true, true, true, true, true, true, true, true, true, true, true, true, true, false, true, true, true, false, false, false, true, false]
arrival_time = [0, 40, 60, 80, 100, 120, 140, 160, 180, 200, 220, 240, 260, 280, 300, 320, 340, 360, 380, 400, 420, 440, 460, 480, 500, 520, 540, 560, 580, 600, 620]
feasible = [true, true, true, true, true, true, true, true, true, true, true, true, true, true, true, true, true, true, true, true, true, true, true, true, true, true, true, true, true, true, false]
