fallback_feasible = [true, true, true, true, true, true, true, true, true, true, true, true, true, true, true, true, true, true, true, true, true, true, true, true, true, true, true, true, true, true, true, true, true, true, false, true, true, true, true]
cost = [[78.0, 0.0, 212.0, 0.0], [190.0, 0.0, 502.0, 0.0], [292.0, 0.0, 778.0, 0.0], [383.0, 0.0, 993.0, 0.0], [676.0, 0.0, 1269.0, 0.0], [769.0, 0.0, 1602.0, 0.0], [866.0, 1.0, 1808.0, 0.0], [1009.0, 0.0, 2024.0, 0.0], [807.0, 0.0, 2255.0, 0.0], [1234.0, 0.0, 2504.0, 0.0], [1304.0, 0.0, 2689.0, 0.0], [953.0, 1.0, 2923.0, 0.0], [1045.0, 0.0, 3124.0, 0.0], [1189.0, 0.0, 3364.0, 0.0], [1251.0, 0.0, 3558.0, 0.0], [1922.0, 0.0, 3795.0, 0.0], [1424.0, 0.0, 4152.0, 0.0], [1510.0, 0.0, 4459.0, 0.0], [2307.0, 0.0, 4682.0, 0.0], [1641.0, 0.0, 5000.0, 0.0], [1748.0, 0.0, 5245.0, 0.0], [2703.0, 0.0, 5512.0, 0.0], [2814.0, 0.0, 5746.0, 0.0], [2906.0, 0.0, 5986.0, 0.0], [4146.0, 0.0, 6447.0, 0.0], [5203.0, 0.0, 6642.0, 0.0], [5473.0, 1.0, 7116.0, 0.0], [5591.0, 0.0, 7362.0, 0.0], [2419.0, 0.0, 7607.0, 0.0], [3646.0, 0.0, 7866.0, 0.0], [3745.0, 0.0, 8087.0, 0.0], [3830.0, 0.0, 8325.0, 0.0], [2699.0, 0.0, 8581.0, 0.0], [2756.0, 0.0, 8790.0, 0.0], [4210.0, 1.0, 9055.0, 0.0], [4476.0, 0.0, 9485.0, 0.0], [6009.0, 0.0, 9763.0, 0.0], [4633.0, 0.0, 10048.0, 0.0], [6220.0, 0.0, 10290.0, 0.0], [4804.0, 0.0, 10517.0, 0.0]]
time = [0.400909382, 0.802720111, 0.566070899, 0.976283318, 1.098003523, 0.900140841, 1.193981664, 0.800984384, 0.823487033, 1.037441397, 0.952029495, 0.927565566, 1.093155169, 0.977441113, 1.119257054, 1.082202289, 1.107976618, 1.109549416, 1.130014076, 0.837082274, 0.892305207, 1.246242205, 1.41538138, 5.47510992, 2.095783798, 4.627572161, 2.225183376, 1.629308221, 1.218700252, 1.359713725, 0.870511916, 1.189714745, 0.959234384, 1.167996554, 2.981224318, 1.743508989, 1.834456313, 1.515628359, 1.180179682, 1.437300676]
optimality_gap = [0, 0, 0, 0, 0, 0, 0, 0, 0, 0, 0, 0, 0, 0, 0, 0, 0, 0, 0, 0, 0, 0, 0, 1, 0, 1, 0, 0, 0, 0, 0, 0, 0, 0, 1, 0, 0, 0, 0, 0]
final_time = [78, 112, 180, 203, 293, 273, 300, 416, 391, 427, 461, 492, 553, 636, 615, 671, 753, 757, 797, 844, 904, 1020, 1058, 1093, 1100, 1106, 1116, 1176, 1243, 1227, 1275, 1312, 1476, 1369, 1530, 1470, 1533, 1570, 1587, 1647]
makespans = [78, 52, 80, 63, 113, 53, 40, 116, 51, 47, 41, 32, 53, 96, 35, 51, 93, 57, 57, 64, 84, 160, 158, 153, 120, 86, 56, 76, 103, 47, 55, 52, 176, 29, 150, 50, 73, 70, 47, 67]
optimal = [true, true, true, true, true, true, true, true, true, true, true, true, true, true, true, true, true, true, true, true, true, true, true, false, true, false, true, true, true, true, true, true, true, true, false, true, true, true, true, true]
arrival_time = [0, 60, 100, 140, 180, 220, 260, 300, 340, 380, 420, 460, 500, 540, 580, 620, 660, 700, 740, 780, 820, 860, 900, 940, 980, 1020, 1060, 1100, 1140, 1180, 1220, 1260, 1300, 1340, 1380, 1420, 1460, 1500, 1540, 1580]
feasible = [true, true, true, true, true, true, true, true, true, true, true, true, true, true, true, true, true, true, true, true, true, true, true, true, true, true, true, true, true, true, true, true, true, true, true, true, true, true, true, true]
