fallback_feasible = [true, true, true, true, true, true, true, true, true, true, true, false, true, true, true, true, true, true, true, true, true, true, true, true, true, true, true, true, true, true, true, true, true, true, true, true, true, false, true]
cost = [[105.0, 0.0, 241.0, 0.0], [213.0, 0.0, 438.0, 0.0], [295.0, 0.0, 645.0, 0.0], [376.0, 0.0, 846.0, 0.0], [466.0, 0.0, 1054.0, 0.0], [527.0, 0.0, 1291.0, 0.0], [655.0, 0.0, 1529.0, 0.0], [758.0, 0.0, 1762.0, 0.0], [837.0, 0.0, 1993.0, 0.0], [945.0, 0.0, 2256.0, 0.0], [1051.0, 0.0, 2551.0, 0.0], [1149.0, 0.0, 2779.0, 0.0], [1214.0, 0.0, 3038.0, 0.0], [1344.0, 0.0, 3315.0, 0.0], [1411.0, 0.0, 3509.0, 0.0], [1524.0, 0.0, 3765.0, 0.0], [1599.0, 0.0, 3959.0, 0.0], [1687.0, 0.0, 4175.0, 0.0], [1787.0, 0.0, 4380.0, 0.0], [1874.0, 0.0, 4634.0, 0.0], [1942.0, 0.0, 4841.0, 0.0], [2016.0, 0.0, 5093.0, 0.0], [2067.0, 0.0, 5274.0, 0.0], [2111.0, 0.0, 5457.0, 0.0], [2181.0, 0.0, 5629.0, 0.0], [2255.0, 0.0, 5850.0, 0.0], [2319.0, 0.0, 6098.0, 0.0], [2386.0, 0.0, 6374.0, 0.0], [2485.0, 0.0, 6599.0, 0.0], [2566.0, 0.0, 6781.0, 0.0], [2616.0, 0.0, 6947.0, 0.0], [2694.0, 0.0, 7193.0, 0.0], [2756.0, 0.0, 7434.0, 0.0], [2844.0, 0.0, 7711.0, 0.0], [2918.0, 0.0, 7913.0, 0.0], [2987.0, 0.0, 8091.0, 0.0], [3101.0, 0.0, 8327.0, 0.0], [3170.0, 0.0, 8527.0, 0.0], [3228.0, 0.0, 8750.0, 0.0], [3335.0, 0.0, 8990.0, 0.0]]
time = [0.505810337, 0.518251327, 0.735266491, 0.613550384, 0.625102274, 0.863443842, 0.953009757, 1.06306106, 0.926597039, 1.08147697, 0.99603128, 0.9942957, 0.903907437, 1.120109132, 0.85374028, 1.140102062, 1.058088298, 1.201942435, 1.255046186, 1.320330172, 1.025593292, 1.304534367, 1.308350736, 1.334409623, 1.443980773, 1.482999561, 1.440152512, 1.457726683, 1.691987448, 1.842225128, 1.804074978, 1.812591506, 1.523373743, 1.676595155, 1.866746601, 2.003960705, 1.986768759, 1.996093728, 1.721888108, 1.897839062]
optimality_gap = [0, 0, 0, 0, 0, 0, 0, 0, 0, 0, 0, 0, 0, 0, 0, 0, 0, 0, 0, 0, 0, 0, 0, 0, 0, 0, 0, 0, 0, 0, 0, 0, 0, 0, 0, 0, 0, 0, 0, 0]
final_time = [105, 213, 295, 376, 466, 527, 655, 758, 837, 945, 1051, 1149, 1214, 1344, 1411, 1524, 1599, 1687, 1787, 1874, 1942, 2016, 2067, 2111, 2181, 2255, 2319, 2386, 2485, 2566, 2616, 2694, 2756, 2844, 2918, 2987, 3101, 3170, 3228, 3335]
makespans = [105, 153, 195, 236, 286, 307, 395, 458, 497, 565, 631, 689, 714, 804, 831, 904, 939, 987, 1047, 1094, 1122, 1156, 1167, 1171, 1201, 1235, 1259, 1286, 1345, 1386, 1396, 1434, 1456, 1504, 1538, 1567, 1641, 1670, 1688, 1755]
optimal = [true, true, true, true, true, true, true, true, true, true, true, true, true, true, true, true, true, true, true, true, true, true, true, true, true, true, true, true, true, true, true, true, true, true, true, true, true, true, true, true]
arrival_time = [0, 60, 100, 140, 180, 220, 260, 300, 340, 380, 420, 460, 500, 540, 580, 620, 660, 700, 740, 780, 820, 860, 900, 940, 980, 1020, 1060, 1100, 1140, 1180, 1220, 1260, 1300, 1340, 1380, 1420, 1460, 1500, 1540, 1580]
feasible = [true, true, true, true, true, true, true, true, true, true, true, true, true, true, true, true, true, true, true, true, true, true, true, true, true, true, true, true, true, true, true, true, true, true, true, true, true, true, true, true]
