fallback_feasible = [true, true, true, true, true, true, true, true, true, true, true, true, true, true, true, true, false, true, true, true, false, true, true, false, true, true, false, true, true, true, true, true, true, true, true, true, true, true, true]
cost = [[97.0, 0.0, 462.0, 0.0], [213.0, 0.0, 918.0, 0.0], [313.0, 0.0, 1324.0, 0.0], [422.0, 0.0, 1748.0, 0.0], [569.0, 0.0, 2251.0, 0.0], [667.0, 0.0, 2691.0, 0.0], [768.0, 0.0, 3187.0, 0.0], [845.0, 0.0, 3612.0, 0.0], [974.0, 0.0, 4066.0, 0.0], [1075.0, 0.0, 4512.0, 0.0], [1158.0, 0.0, 4920.0, 0.0], [1287.0, 0.0, 5373.0, 0.0], [1403.0, 0.0, 5829.0, 0.0], [1527.0, 0.0, 6211.0, 0.0], [1679.0, 0.0, 6669.0, 0.0], [1830.0, 0.0, 7165.0, 0.0], [1969.0, 0.0, 7699.0, 0.0], [2096.0, 0.0, 8178.0, 0.0], [2225.0, 0.0, 8658.0, 0.0], [2328.0, 0.0, 9123.0, 0.0], [2455.0, 0.0, 9532.0, 0.0], [2564.0, 0.0, 10040.0, 0.0], [2662.0, 0.0, 10474.0, 0.0], [2787.0, 0.0, 10938.0, 0.0], [2891.0, 0.0, 11310.0, 0.0], [2982.0, 0.0, 11735.0, 0.0], [3077.0, 0.0, 12204.0, 0.0], [3170.0, 0.0, 12624.0, 0.0], [3281.0, 0.0, 13146.0, 0.0], [3394.0, 0.0, 13545.0, 0.0], [3547.0, 0.0, 14057.0, 0.0], [3652.0, 0.0, 14481.0, 0.0], [3755.0, 0.0, 14936.0, 0.0], [3837.0, 0.0, 15401.0, 0.0], [3945.0, 0.0, 15977.0, 0.0], [4033.0, 0.0, 16409.0, 0.0], [4147.0, 0.0, 16933.0, 0.0], [4245.0, 0.0, 17417.0, 0.0], [4361.0, 0.0, 17864.0, 0.0], [4464.0, 0.0, 18286.0, 0.0]]
time = [0.683612162, 0.814272297, 0.99560057, 1.083559842, 1.145691728, 1.136516377, 1.164107574, 0.970350337, 1.229761158, 1.274546598, 1.195686449, 1.34810442, 1.40378735, 1.397082694, 1.549329426, 1.530338592, 1.660155318, 1.668361886, 1.86042182, 1.886478217, 1.705692506, 1.972772119, 1.963019218, 1.92519417, 1.958855502, 2.131854727, 1.979843417, 1.98313628, 2.250948192, 2.161798868, 2.248705978, 2.314586134, 2.464837491, 2.314652732, 2.60874707, 2.8141554, 2.511323969, 2.779847714, 2.862097038, 2.946858762]
optimality_gap = [0, 0, 0, 0, 0, 0, 0, 0, 0, 0, 0, 0, 0, 0, 0, 0, 0, 0, 0, 0, 0, 0, 0, 0, 0, 0, 0, 0, 0, 0, 0, 0, 0, 0, 0, 0, 0, 0, 0, 0]
final_time = [97, 213, 313, 422, 569, 667, 768, 845, 974, 1075, 1158, 1287, 1403, 1527, 1679, 1830, 1969, 2096, 2225, 2328, 2455, 2564, 2662, 2787, 2891, 2982, 3077, 3170, 3281, 3394, 3547, 3652, 3755, 3837, 3945, 4033, 4147, 4245, 4361, 4464]
makespans = [97, 133, 173, 222, 309, 347, 388, 405, 474, 515, 538, 607, 663, 727, 819, 910, 989, 1056, 1125, 1168, 1235, 1284, 1322, 1387, 1431, 1462, 1497, 1530, 1581, 1634, 1727, 1772, 1815, 1837, 1885, 1913, 1967, 2005, 2061, 2104]
optimal = [true, true, true, true, true, true, true, true, true, true, true, true, true, true, true, true, true, true, true, true, true, true, true, true, true, true, true, true, true, true, true, true, true, true, true, true, true, true, true, true]
arrival_time = [0, 80, 140, 200, 260, 320, 380, 440, 500, 560, 620, 680, 740, 800, 860, 920, 980, 1040, 1100, 1160, 1220, 1280, 1340, 1400, 1460, 1520, 1580, 1640, 1700, 1760, 1820, 1880, 1940, 2000, 2060, 2120, 2180, 2240, 2300, 2360]
feasible = [true, true, true, true, true, true, true, true, true, true, true, true, true, true, true, true, true, true, true, true, true, true, true, true, true, true, true, true, true, true, true, true, true, true, true, true, true, true, true, true]
