fallback_feasible = [true, true, true, true, true, true, false, false, true, true, false, false, false]
cost = [[72.0, 0.0, 216.0, 0.0], [210.0, 0.0, 437.0, 0.0], [364.0, 1.0, 642.0, 0.0], [507.0, 0.0, 1020.0, 0.0], [806.0, 1.0, 1404.0, 0.0], [1004.0, 0.0, 1671.0, 0.0], [1731.0, 2.0, 1999.0, 0.0], [1949.0, 0.0, 2257.0, 0.0], [2205.0, 2.0, 2626.0, 0.0], [2468.0, 2.0, 2957.0, 0.0], [3519.0, 1.0, 3525.0, 0.0], [3615.0, 0.0, 3716.0, 0.0], [4138.0, 0.0, 3890.0, 0.0], [-1, -1, -1, -1]]
time = [0.432976562, 0.654556688, 1.18005103, 5.818957169, 2.041291032, 6.78914023, 2.788496195, 2.975110702, 3.255210185, 6.867778521, 4.017767938, 3.859292388, 16.776543728, 11.049518284]
optimality_gap = [0, 0, 0, 3, 0, 4, 0, 0, 0, 1, 0, 0, 221, 10000]
final_time = [72, 623, 589, 573, 497, 591, 215, 394, 538, 504, 272, 513, 497, -1]
makespans = [72, 583, 529, 493, 397, 471, 75, 234, 358, 304, 52, 273, 237, -281]
optimal = [true, true, true, false, true, false, true, true, true, false, true, true, false, false]
arrival_time = [0, 40, 60, 80, 100, 120, 140, 160, 180, 200, 220, 240, 260, 280]
feasible = [true, true, true, true, true, true, true, true, true, true, true, true, true, false]
