fallback_feasible = [true, false, false, true, true, true, true, true, false, true, true, true, true, true, true, true, false, true, true, true, true, true, false, true, true, true, true, true, true, true, true, true, false, true, true, true, false, true, true]
cost = [[92.0, 0.0, 636.0, 0.0], [205.0, 0.0, 1438.0, 0.0], [366.0, 0.0, 1954.0, 0.0], [515.0, 0.0, 2618.0, 0.0], [631.0, 0.0, 3273.0, 0.0], [776.0, 1.0, 4023.0, 0.0], [940.0, 0.0, 4816.0, 0.0], [1021.0, 0.0, 5479.0, 0.0], [1158.0, 0.0, 6129.0, 0.0], [1253.0, 0.0, 6821.0, 0.0], [1422.0, 0.0, 7415.0, 0.0], [1563.0, 0.0, 8197.0, 0.0], [1684.0, 0.0, 8846.0, 0.0], [1816.0, 0.0, 9584.0, 0.0], [1932.0, 0.0, 10444.0, 0.0], [2076.0, 0.0, 11095.0, 0.0], [2200.0, 1.0, 11811.0, 0.0], [2363.0, 0.0, 12607.0, 0.0], [2552.0, 0.0, 13535.0, 0.0], [2671.0, 1.0, 14262.0, 0.0], [2770.0, 0.0, 14946.0, 0.0], [2927.0, 0.0, 15655.0, 0.0], [3022.0, 0.0, 16278.0, 0.0], [3132.0, 0.0, 16965.0, 0.0], [3313.0, 0.0, 17760.0, 0.0], [3472.0, 0.0, 18567.0, 0.0], [3561.0, 0.0, 19342.0, 0.0], [3684.0, 0.0, 20060.0, 0.0], [3802.0, 0.0, 20718.0, 0.0], [3889.0, 0.0, 21344.0, 0.0], [3997.0, 0.0, 22028.0, 0.0], [4163.0, 0.0, 22807.0, 0.0], [4294.0, 0.0, 23697.0, 0.0], [4384.0, 0.0, 24380.0, 0.0], [4494.0, 0.0, 25020.0, 0.0], [4618.0, 0.0, 25795.0, 0.0], [4706.0, 0.0, 26347.0, 0.0], [4829.0, 0.0, 27093.0, 0.0], [4928.0, 0.0, 27751.0, 0.0], [5065.0, 0.0, 28465.0, 0.0]]
time = [1.044299481, 1.389192815, 1.425819045, 1.434889357, 1.517512467, 1.561774697, 1.761674614, 1.695696262, 1.721435619, 3.986139643, 1.715096917, 1.853743486, 1.844223741, 2.107350021, 2.047777803, 2.287216021, 2.352256183, 2.513199968, 2.665438475, 2.692425907, 2.588592801, 2.704282306, 2.726396288, 2.919845699, 3.10008345, 3.334253049, 3.093816009, 3.143262441, 3.275867788, 3.234004381, 3.348610638, 3.543934214, 3.664453776, 3.647002382, 3.954000366, 3.900348247, 3.823104105, 4.09914136, 4.163970727, 4.273092048]
optimality_gap = [0, 0, 0, 0, 0, 0, 0, 0, 0, 5, 0, 0, 0, 0, 0, 0, 0, 0, 0, 0, 0, 0, 0, 0, 0, 0, 0, 0, 0, 0, 0, 0, 0, 0, 0, 0, 0, 0, 0, 0]
final_time = [92, 205, 366, 515, 631, 776, 940, 1021, 1158, 1334, 1422, 1563, 1684, 1816, 1932, 2076, 2200, 2363, 2552, 2671, 2770, 2927, 3022, 3132, 3313, 3472, 3561, 3684, 3802, 3889, 3997, 4163, 4294, 4384, 4494, 4618, 4706, 4829, 4928, 5065]
makespans = [92, 115, 206, 285, 331, 406, 500, 511, 578, 684, 702, 773, 824, 886, 932, 1006, 1060, 1153, 1272, 1321, 1350, 1437, 1462, 1502, 1613, 1702, 1721, 1774, 1822, 1839, 1877, 1973, 2034, 2054, 2094, 2148, 2166, 2219, 2248, 2315]
optimal = [true, true, true, true, true, true, true, true, true, false, true, true, true, true, true, true, true, true, true, true, true, true, true, true, true, true, true, true, true, true, true, true, true, true, true, true, true, true, true, true]
arrival_time = [0, 90, 160, 230, 300, 370, 440, 510, 580, 650, 720, 790, 860, 930, 1000, 1070, 1140, 1210, 1280, 1350, 1420, 1490, 1560, 1630, 1700, 1770, 1840, 1910, 1980, 2050, 2120, 2190, 2260, 2330, 2400, 2470, 2540, 2610, 2680, 2750]
feasible = [true, true, true, true, true, true, true, true, true, true, true, true, true, true, true, true, true, true, true, true, true, true, true, true, true, true, true, true, true, true, true, true, true, true, true, true, true, true, true, true]
