fallback_feasible = [true, true, true, true, false]
cost = [[115.0, 0.0, 646.0, 0.0], [333.0, 0.0, 1409.0, 0.0], [526.0, 1.0, 2095.0, 0.0], [826.0, 1.0, 2955.0, 0.0], [-1, -1, -1, -1], [-1, -1, -1, -1]]
time = [0.920311129, 1.763016023, 15.470669808, 16.420181323, 10.148528908, 10.364214797]
optimality_gap = [0, 0, 12, 61, 10000, 10000]
final_time = [115, 218, 442, 481, 642, -1]
makespans = [115, 128, 282, 251, 342, -371]
optimal = [true, true, false, false, false, false]
arrival_time = [0, 90, 160, 230, 300, 370]
feasible = [true, true, true, true, false, false]
