fallback_feasible = [true, true, true, true, true, true, true, true, true, true, true, true, false, false, false]
cost = [[123.0, 0.0, 452.0, 0.0], [285.0, 0.0, 869.0, 0.0], [457.0, 0.0, 1305.0, 0.0], [670.0, 17.0, 1719.0, 0.0], [812.0, 0.0, 2159.0, 0.0], [833.0, 0.0, 2801.0, 0.0], [960.0, 0.0, 3256.0, 0.0], [1119.0, 1.0, 3778.0, 0.0], [1547.0, 0.0, 4288.0, 0.0], [1327.0, 1.0, 4839.0, 0.0], [1838.0, 1.0, 5402.0, 0.0], [1526.0, 0.0, 5815.0, 0.0], [2372.0, 0.0, 6628.0, 0.0], [3461.0, 0.0, 7580.0, 0.0], [4438.0, 0.0, 7963.0, 0.0], [-1, -1, -1, -1]]
time = [0.753007911, 1.349015823, 1.427067514, 1.571235968, 1.507857327, 1.646897464, 1.64176475, 1.922876557, 1.583261045, 1.673760632, 1.521337007, 6.449446118, 10.406977066, 4.524233723, 15.613234159, 21.20768991]
optimality_gap = [0, 0, 0, 0, 0, 0, 0, 0, 0, 0, 0, 2, 1, 0, 324, 10000]
final_time = [123, 162, 172, 213, 265, 355, 340, 424, 428, 602, 869, 952, 937, 874, 899, -1]
makespans = [123, 102, 72, 73, 85, 135, 80, 124, 88, 222, 449, 492, 437, 334, 319, -621]
optimal = [true, true, true, true, true, true, true, true, true, true, true, false, false, true, false, false]
arrival_time = [0, 60, 100, 140, 180, 220, 260, 300, 340, 380, 420, 460, 500, 540, 580, 620]
feasible = [true, true, true, true, true, true, true, true, true, true, true, true, true, true, true, false]
