fallback_feasible = [true, true, true, true, true, true, true, true, true, true, true, true, false, true, false, true, true, true, true, true, true, true, true, true, true, true, true, true, true, true, true, true, false, true, true, true, true, true, false]
cost = [[83.0, 0.0, 635.0, 0.0], [180.0, 0.0, 1362.0, 0.0], [308.0, 0.0, 2069.0, 0.0], [425.0, 0.0, 2742.0, 0.0], [587.0, 0.0, 3448.0, 0.0], [690.0, 0.0, 4114.0, 0.0], [777.0, 0.0, 4827.0, 0.0], [926.0, 0.0, 5516.0, 0.0], [1170.0, 0.0, 6224.0, 0.0], [1290.0, 0.0, 6913.0, 0.0], [1395.0, 0.0, 7651.0, 0.0], [1549.0, 0.0, 8455.0, 0.0], [1655.0, 0.0, 9205.0, 0.0], [1772.0, 0.0, 9891.0, 0.0], [1900.0, 0.0, 10590.0, 0.0], [1983.0, 0.0, 11273.0, 0.0], [2107.0, 0.0, 12002.0, 0.0], [2226.0, 0.0, 12699.0, 0.0], [2321.0, 0.0, 13522.0, 0.0], [2510.0, 0.0, 14230.0, 0.0], [2655.0, 0.0, 14865.0, 0.0], [2796.0, 0.0, 15533.0, 0.0], [2920.0, 0.0, 16215.0, 0.0], [3045.0, 1.0, 16957.0, 0.0], [3176.0, 0.0, 17727.0, 0.0], [3286.0, 0.0, 18405.0, 0.0], [3412.0, 0.0, 19146.0, 0.0], [3526.0, 0.0, 19860.0, 0.0], [3655.0, 0.0, 20632.0, 0.0], [3767.0, 0.0, 21279.0, 0.0], [3852.0, 0.0, 21958.0, 0.0], [3957.0, 0.0, 22584.0, 0.0], [4069.0, 0.0, 23188.0, 0.0], [4193.0, 0.0, 23804.0, 0.0], [4270.0, 0.0, 24455.0, 0.0], [4386.0, 0.0, 25221.0, 0.0], [4482.0, 0.0, 25912.0, 0.0], [4597.0, 0.0, 26730.0, 0.0], [4736.0, 0.0, 27476.0, 0.0], [4834.0, 0.0, 28157.0, 0.0]]
time = [1.291290882, 1.321091124, 1.484683307, 1.501366517, 1.646004922, 1.491427474, 1.556706004, 3.530444754, 1.865822099, 1.979923547, 1.765573376, 2.168978753, 1.875989481, 1.883394742, 1.964545548, 1.93306638, 2.247511999, 2.404917163, 98.9201802, 2.246093812, 2.581013463, 2.66590953, 2.937333881, 2.760065174, 2.59022318, 3.048512802, 3.032921525, 3.181845112, 3.252920459, 3.257393488, 3.264893794, 3.317799248, 3.341620038, 3.675197298, 3.631405114, 3.825521547, 3.660975471, 4.026594279, 4.032875111, 4.189525131]
optimality_gap = [0, 0, 0, 0, 0, 0, 0, 17, 0, 0, 0, 0, 0, 0, 0, 0, 0, 0, 2, 0, 0, 0, 0, 0, 0, 0, 0, 0, 0, 0, 0, 0, 0, 0, 0, 0, 0, 0, 0, 0]
final_time = [83, 180, 308, 425, 587, 690, 777, 1034, 1170, 1290, 1395, 1549, 1655, 1772, 1900, 1983, 2107, 2226, 2408, 2510, 2655, 2796, 2920, 3045, 3176, 3286, 3412, 3526, 3655, 3767, 3852, 3957, 4069, 4193, 4270, 4386, 4482, 4597, 4736, 4834]
makespans = [83, 90, 148, 195, 287, 320, 337, 524, 590, 640, 675, 759, 795, 842, 900, 913, 967, 1016, 1128, 1160, 1235, 1306, 1360, 1415, 1476, 1516, 1572, 1616, 1675, 1717, 1732, 1767, 1809, 1863, 1870, 1916, 1942, 1987, 2056, 2084]
optimal = [true, true, true, true, true, true, true, false, true, true, true, true, true, true, true, true, true, true, false, true, true, true, true, true, true, true, true, true, true, true, true, true, true, true, true, true, true, true, true, true]
arrival_time = [0, 90, 160, 230, 300, 370, 440, 510, 580, 650, 720, 790, 860, 930, 1000, 1070, 1140, 1210, 1280, 1350, 1420, 1490, 1560, 1630, 1700, 1770, 1840, 1910, 1980, 2050, 2120, 2190, 2260, 2330, 2400, 2470, 2540, 2610, 2680, 2750]
feasible = [true, true, true, true, true, true, true, true, true, true, true, true, true, true, true, true, true, true, true, true, true, true, true, true, true, true, true, true, true, true, true, true, true, true, true, true, true, true, true, true]
