fallback_feasible = [true, true, true, false]
cost = [[169.0, 0.0, 706.0, 0.0], [414.0, 0.0, 1570.0, 0.0], [-1, -1, -1, -1], [-1, -1, -1, -1], [-1, -1, -1, -1]]
time = [1.298834409, 15.547438727, 16.171699823, 10.400116491, 11.666415927]
optimality_gap = [0, 57, 10000, 10000, 10000]
final_time = [169, 357, 448, 553, -1]
makespans = [169, 277, 308, 353, -261]
optimal = [true, false, false, false, false]
arrival_time = [0, 80, 140, 200, 260]
feasible = [true, true, false, false, false]
