fallback_feasible = [true, true, true, false, true, false, true, false, false, false]
cost = [[72.0, 0.0, 216.0, 0.0], [228.0, 0.0, 469.0, 0.0], [434.0, 0.0, 803.0, 0.0], [648.0, 0.0, 1100.0, 0.0], [807.0, 1.0, 1346.0, 0.0], [1092.0, 1.0, 1681.0, 0.0], [1397.0, 3.0, 1948.0, 0.0], [1714.0, 0.0, 2201.0, 0.0], [1918.0, 2.0, 2483.0, 0.0], [2274.0, 5.0, 2735.0, 0.0], [-1, -1, -1, -1]]
time = [0.637348133, 0.751072775, 1.013470243, 1.679841933, 1.892331496, 2.293940714, 2.709902168, 2.886977117, 2.89715697, 3.837017112, 10.346586729]
optimality_gap = [0, 0, 0, 0, 0, 0, 0, 0, 0, 0, 10000]
final_time = [72, 156, 206, 214, 231, 285, 305, 317, 360, 356, -1]
makespans = [72, 116, 146, 134, 131, 165, 165, 157, 180, 156, -221]
optimal = [true, true, true, true, true, true, true, true, true, true, false]
arrival_time = [0, 40, 60, 80, 100, 120, 140, 160, 180, 200, 220]
feasible = [true, true, true, true, true, true, true, true, true, true, false]
