fallback_feasible = [true, true, true, true, false]
cost = [[104.0, 0.0, 575.0, 0.0], [297.0, 0.0, 1328.0, 0.0], [517.0, 0.0, 2210.0, 0.0], [774.0, 2.0, 3100.0, 0.0], [-1, -1, -1, -1], [-1, -1, -1, -1]]
time = [1.177814914, 1.527740463, 1.745085491, 15.660071142, 9.948596958, 10.368695442]
optimality_gap = [0, 0, 0, 33, 10000, 10000]
final_time = [104, 193, 324, 657, 764, -1]
makespans = [104, 93, 144, 397, 424, -421]
optimal = [true, true, true, false, false, false]
arrival_time = [0, 100, 180, 260, 340, 420]
feasible = [true, true, true, true, false, false]
