fallback_feasible = [true, true, true, true, true, false, false, true, true, true, true, true, true, true, true, true, true, true, true, true, true, true, true, true, true, true, true, true, true, true, true, true, true, true, true, true, true, true, true]
cost = [[87.0, 0.0, 242.0, 0.0], [183.0, 0.0, 495.0, 0.0], [346.0, 0.0, 767.0, 0.0], [450.0, 0.0, 1012.0, 0.0], [548.0, 0.0, 1249.0, 0.0], [918.0, 0.0, 1597.0, 0.0], [1363.0, 0.0, 1878.0, 0.0], [1677.0, 1.0, 2258.0, 0.0], [2008.0, 0.0, 2488.0, 0.0], [1837.0, 0.0, 2751.0, 0.0], [1402.0, 0.0, 2981.0, 0.0], [1495.0, 0.0, 3252.0, 0.0], [1265.0, 0.0, 3513.0, 0.0], [1729.0, 0.0, 3789.0, 0.0], [1419.0, 0.0, 4044.0, 0.0], [1495.0, 0.0, 4311.0, 0.0], [1565.0, 0.0, 4552.0, 0.0], [1655.0, 0.0, 4784.0, 0.0], [1193.0, 0.0, 4980.0, 0.0], [1846.0, 0.0, 5267.0, 0.0], [1326.0, 0.0, 5532.0, 0.0], [2034.0, 0.0, 5781.0, 0.0], [2100.0, 0.0, 5986.0, 0.0], [2210.0, 0.0, 6270.0, 0.0], [1568.0, 0.0, 6513.0, 0.0], [2392.0, 0.0, 6747.0, 0.0], [3275.0, 0.0, 7001.0, 0.0], [2617.0, 0.0, 7280.0, 0.0], [2695.0, 0.0, 7558.0, 0.0], [3649.0, 0.0, 7817.0, 0.0], [3745.0, 0.0, 8109.0, 0.0], [2926.0, 1.0, 8333.0, 0.0], [3001.0, 0.0, 8547.0, 0.0], [3076.0, 0.0, 8742.0, 0.0], [3169.0, 0.0, 8986.0, 0.0], [3274.0, 0.0, 9234.0, 0.0], [3355.0, 0.0, 9419.0, 0.0], [3464.0, 0.0, 9620.0, 0.0], [2400.0, 0.0, 9831.0, 0.0], [3668.0, 0.0, 10066.0, 0.0]]
time = [0.443022818, 0.886625095, 0.709282884, 0.951077621, 3.423111811, 3.641734713, 1.431596572, 2.266104649, 1.827519825, 1.230754075, 1.122915736, 0.838208884, 0.840026499, 0.818438992, 0.874936412, 1.307794382, 1.055151077, 1.006683263, 1.022696384, 0.998099742, 1.110030666, 1.155917044, 1.22253322, 0.872343898, 0.834634812, 1.336186387, 1.18265743, 1.138247618, 1.424327446, 1.360171242, 1.234893077, 1.227808697, 1.194845792, 1.145344884, 0.917648673, 1.182589652, 1.280431016, 0.925485076, 1.116156388, 1.18246534]
optimality_gap = [0, 0, 0, 0, 3, 1, 0, 0, 0, 0, 0, 0, 0, 0, 0, 0, 0, 0, 0, 0, 0, 0, 0, 0, 0, 0, 0, 0, 0, 0, 0, 0, 0, 0, 0, 0, 0, 0, 0, 0]
final_time = [87, 96, 265, 286, 285, 277, 250, 314, 331, 344, 413, 407, 445, 464, 510, 521, 534, 600, 593, 653, 673, 708, 719, 783, 785, 824, 883, 910, 902, 954, 979, 993, 1029, 1054, 1086, 1134, 1135, 1195, 1205, 1268]
makespans = [87, 46, 185, 176, 145, 107, 50, 84, 71, 54, 93, 57, 65, 54, 70, 51, 34, 70, 33, 63, 53, 58, 39, 73, 45, 54, 83, 80, 42, 64, 59, 43, 49, 44, 46, 64, 35, 65, 45, 78]
optimal = [true, true, true, true, false, false, true, true, true, true, true, true, true, true, true, true, true, true, true, true, true, true, true, true, true, true, true, true, true, true, true, true, true, true, true, true, true, true, true, true]
arrival_time = [0, 50, 80, 110, 140, 170, 200, 230, 260, 290, 320, 350, 380, 410, 440, 470, 500, 530, 560, 590, 620, 650, 680, 710, 740, 770, 800, 830, 860, 890, 920, 950, 980, 1010, 1040, 1070, 1100, 1130, 1160, 1190]
feasible = [true, true, true, true, true, true, true, true, true, true, true, true, true, true, true, true, true, true, true, true, true, true, true, true, true, true, true, true, true, true, true, true, true, true, true, true, true, true, true, true]
