fallback_feasible = [true, true, true, true, true, false, true, true, true, true, true, true, true, true, true, true, true, true, true, true, true, true, true, true, true, true, true, true, true, true, true, true, true, true, true, true, true, true, true]
cost = [[82.0, 0.0, 236.0, 0.0], [146.0, 0.0, 433.0, 0.0], [232.0, 0.0, 628.0, 0.0], [284.0, 0.0, 786.0, 0.0], [381.0, 0.0, 1019.0, 0.0], [431.0, 0.0, 1173.0, 0.0], [499.0, 0.0, 1375.0, 0.0], [575.0, 0.0, 1565.0, 0.0], [654.0, 0.0, 1770.0, 0.0], [706.0, 0.0, 1962.0, 0.0], [792.0, 0.0, 2177.0, 0.0], [876.0, 0.0, 2372.0, 0.0], [937.0, 0.0, 2561.0, 0.0], [1008.0, 0.0, 2770.0, 0.0], [1087.0, 0.0, 2991.0, 0.0], [1154.0, 0.0, 3146.0, 0.0], [1204.0, 0.0, 3348.0, 0.0], [1280.0, 0.0, 3582.0, 0.0], [1373.0, 0.0, 3821.0, 0.0], [1502.0, 0.0, 4074.0, 0.0], [1584.0, 0.0, 4310.0, 0.0], [1681.0, 0.0, 4549.0, 0.0], [1764.0, 0.0, 4767.0, 0.0], [1866.0, 0.0, 5013.0, 0.0], [1915.0, 0.0, 5179.0, 0.0], [1981.0, 0.0, 5361.0, 0.0], [2090.0, 0.0, 5571.0, 0.0], [2169.0, 0.0, 5865.0, 0.0], [2240.0, 0.0, 6072.0, 0.0], [2326.0, 0.0, 6278.0, 0.0], [2387.0, 0.0, 6445.0, 0.0], [2521.0, 0.0, 6702.0, 0.0], [2584.0, 0.0, 6904.0, 0.0], [2647.0, 0.0, 7156.0, 0.0], [2725.0, 0.0, 7383.0, 0.0], [2781.0, 0.0, 7572.0, 0.0], [2839.0, 0.0, 7746.0, 0.0], [2908.0, 0.0, 7973.0, 0.0], [3019.0, 0.0, 8228.0, 0.0], [3104.0, 0.0, 8479.0, 0.0]]
time = [0.424281267, 0.656209545, 0.57474957, 0.720807785, 0.833287089, 0.574389523, 0.623640486, 0.842355443, 0.884797583, 0.910878993, 0.962464427, 0.972499597, 1.010182888, 0.838452386, 1.25645907, 1.014968453, 0.868527823, 1.116885666, 1.143924177, 1.464896407, 1.25166939, 1.340285027, 1.297772832, 1.303470144, 1.276997986, 1.329839721, 1.443278787, 1.404617639, 1.62695632, 1.471888516, 1.613379417, 1.600800226, 1.59781396, 1.78839235, 1.572741086, 1.5829927, 1.733205466, 1.942489499, 2.040718675, 1.883047384]
optimality_gap = [0, 0, 0, 0, 0, 0, 0, 0, 0, 0, 0, 0, 0, 0, 0, 0, 0, 0, 0, 0, 0, 0, 0, 0, 0, 0, 0, 0, 0, 0, 0, 0, 0, 0, 0, 0, 0, 0, 0, 0]
final_time = [82, 146, 232, 284, 381, 431, 499, 575, 654, 706, 792, 876, 937, 1008, 1087, 1154, 1204, 1280, 1373, 1502, 1584, 1681, 1764, 1866, 1915, 1981, 2090, 2169, 2240, 2326, 2387, 2521, 2584, 2647, 2725, 2781, 2839, 2908, 3019, 3104]
makespans = [82, 106, 172, 204, 281, 311, 359, 415, 474, 506, 572, 636, 677, 728, 787, 834, 864, 920, 993, 1102, 1164, 1241, 1304, 1386, 1415, 1461, 1550, 1609, 1660, 1726, 1767, 1881, 1924, 1967, 2025, 2061, 2099, 2148, 2239, 2304]
optimal = [true, true, true, true, true, true, true, true, true, true, true, true, true, true, true, true, true, true, true, true, true, true, true, true, true, true, true, true, true, true, true, true, true, true, true, true, true, true, true, true]
arrival_time = [0, 40, 60, 80, 100, 120, 140, 160, 180, 200, 220, 240, 260, 280, 300, 320, 340, 360, 380, 400, 420, 440, 460, 480, 500, 520, 540, 560, 580, 600, 620, 640, 660, 680, 700, 720, 740, 760, 780, 800]
feasible = [true, true, true, true, true, true, true, true, true, true, true, true, true, true, true, true, true, true, true, true, true, true, true, true, true, true, true, true, true, true, true, true, true, true, true, true, true, true, true, true]
