fallback_feasible = [true, false, false, true, true, true, true, false, true, true, true, true, true, false, false, true, true, true, true, true, true, true, true, true, true, true, true, true, true, true, true, true, true, true, true, true, true, true, true]
cost = [[117.0, 0.0, 757.0, 0.0], [212.0, 0.0, 1464.0, 0.0], [315.0, 0.0, 2078.0, 0.0], [410.0, 0.0, 2667.0, 0.0], [552.0, 0.0, 3441.0, 0.0], [657.0, 0.0, 4137.0, 0.0], [735.0, 0.0, 4817.0, 0.0], [871.0, 0.0, 5507.0, 0.0], [1040.0, 0.0, 6087.0, 0.0], [1148.0, 0.0, 6763.0, 0.0], [1263.0, 0.0, 7614.0, 0.0], [1410.0, 0.0, 8313.0, 0.0], [1543.0, 0.0, 8949.0, 0.0], [1658.0, 0.0, 9699.0, 0.0], [1781.0, 0.0, 10430.0, 0.0], [1864.0, 1.0, 11150.0, 0.0], [1966.0, 0.0, 11890.0, 0.0], [2091.0, 0.0, 12627.0, 0.0], [2214.0, 0.0, 13300.0, 0.0], [2298.0, 0.0, 14007.0, 0.0], [2422.0, 0.0, 14709.0, 0.0], [2578.0, 0.0, 15566.0, 0.0], [2684.0, 0.0, 16358.0, 0.0], [2811.0, 1.0, 17151.0, 0.0], [2914.0, 0.0, 17835.0, 0.0], [3024.0, 0.0, 18504.0, 0.0], [3154.0, 0.0, 19214.0, 0.0], [3263.0, 0.0, 19931.0, 0.0], [3367.0, 0.0, 20717.0, 0.0], [3482.0, 0.0, 21378.0, 0.0], [3687.0, 0.0, 22226.0, 0.0], [3820.0, 0.0, 23060.0, 0.0], [3982.0, 0.0, 23769.0, 0.0], [4130.0, 0.0, 24532.0, 0.0], [4251.0, 1.0, 25293.0, 0.0], [4345.0, 0.0, 26071.0, 0.0], [4466.0, 0.0, 26884.0, 0.0], [4619.0, 0.0, 27556.0, 0.0], [4749.0, 0.0, 28370.0, 0.0], [4903.0, 0.0, 29021.0, 0.0]]
time = [1.18588113, 1.375444082, 1.402508338, 1.436848289, 1.480558799, 1.527217454, 1.717199949, 1.867375493, 1.838817366, 1.620244947, 1.825133468, 1.807676019, 2.012938835, 1.950007038, 1.9255166, 1.891476333, 2.246390281, 2.280726811, 2.399832307, 2.307602647, 2.381659963, 2.582995184, 2.549713493, 2.732501853, 2.672808544, 2.666762552, 2.778243097, 2.826416782, 2.862749121, 5.562190868, 3.117443243, 3.234808666, 3.428866226, 3.535389601, 3.926867456, 3.66464372, 3.809868113, 4.180313317, 4.072991343, 4.258690828]
optimality_gap = [0, 0, 0, 0, 0, 0, 0, 0, 0, 0, 0, 0, 0, 0, 0, 0, 0, 0, 0, 0, 0, 0, 0, 0, 0, 0, 0, 0, 0, 8, 0, 0, 0, 0, 0, 0, 0, 0, 0, 0]
final_time = [117, 212, 315, 410, 552, 657, 735, 871, 1040, 1148, 1263, 1410, 1543, 1658, 1781, 1864, 1966, 2091, 2214, 2298, 2422, 2578, 2684, 2811, 2914, 3024, 3154, 3263, 3367, 3567, 3687, 3820, 3982, 4130, 4251, 4345, 4466, 4619, 4749, 4903]
makespans = [117, 132, 175, 210, 292, 337, 355, 431, 540, 588, 643, 730, 803, 858, 921, 944, 986, 1051, 1114, 1138, 1202, 1298, 1344, 1411, 1454, 1504, 1574, 1623, 1667, 1807, 1867, 1940, 2042, 2130, 2191, 2225, 2286, 2379, 2449, 2543]
optimal = [true, true, true, true, true, true, true, true, true, true, true, true, true, true, true, true, true, true, true, true, true, true, true, true, true, true, true, true, true, false, true, true, true, true, true, true, true, true, true, true]
arrival_time = [0, 80, 140, 200, 260, 320, 380, 440, 500, 560, 620, 680, 740, 800, 860, 920, 980, 1040, 1100, 1160, 1220, 1280, 1340, 1400, 1460, 1520, 1580, 1640, 1700, 1760, 1820, 1880, 1940, 2000, 2060, 2120, 2180, 2240, 2300, 2360]
feasible = [true, true, true, true, true, true, true, true, true, true, true, true, true, true, true, true, true, true, true, true, true, true, true, true, true, true, true, true, true, true, true, true, true, true, true, true, true, true, true, true]
