fallback_feasible = [true, true, false, true, false]
cost = [[146.0, 0.0, 495.0, 0.0], [367.0, 0.0, 1121.0, 0.0], [-1, -1, -1, -1], [986.0, 1.0, 2075.0, 0.0], [-1, -1, -1, -1], [-1, -1, -1, -1]]
time = [0.85789821, 15.075396343, 15.374090366, 16.664604305, 10.323956318, 10.096866674]
optimality_gap = [0, 2, 10000, 64, 10000, 10000]
final_time = [146, 296, 375, 484, 554, -1]
makespans = [146, 226, 255, 314, 334, -271]
optimal = [true, false, false, false, false, false]
arrival_time = [0, 70, 120, 170, 220, 270]
feasible = [true, true, false, true, false, false]
