fallback_feasible = [true, true, true, true, true, true, true, true, true, true, true, true, true, true, true, true, true, true, true, true, true, true, true, true, true, true, true, true, true, false, true, true, true, true, true, true, true, false, true]
cost = [[125.0, 0.0, 467.0, 0.0], [210.0, 0.0, 896.0, 0.0], [312.0, 0.0, 1303.0, 0.0], [407.0, 0.0, 1786.0, 0.0], [505.0, 0.0, 2186.0, 0.0], [616.0, 0.0, 2615.0, 0.0], [722.0, 0.0, 3061.0, 0.0], [821.0, 0.0, 3473.0, 0.0], [915.0, 0.0, 3934.0, 0.0], [1062.0, 0.0, 4435.0, 0.0], [1187.0, 1.0, 4897.0, 0.0], [1324.0, 0.0, 5434.0, 0.0], [1405.0, 1.0, 5878.0, 0.0], [1513.0, 0.0, 6414.0, 0.0], [1638.0, 0.0, 6946.0, 0.0], [1793.0, 0.0, 7409.0, 0.0], [1895.0, 0.0, 7888.0, 0.0], [1997.0, 0.0, 8322.0, 0.0], [2093.0, 0.0, 8775.0, 0.0], [2202.0, 0.0, 9284.0, 0.0], [2327.0, 0.0, 9767.0, 0.0], [2426.0, 0.0, 10213.0, 0.0], [2579.0, 0.0, 10757.0, 0.0], [2655.0, 0.0, 11195.0, 0.0], [2768.0, 0.0, 11624.0, 0.0], [2882.0, 0.0, 12112.0, 0.0], [2982.0, 0.0, 12517.0, 0.0], [3076.0, 0.0, 12963.0, 0.0], [3176.0, 0.0, 13526.0, 0.0], [3291.0, 0.0, 13999.0, 0.0], [3375.0, 1.0, 14496.0, 0.0], [3485.0, 0.0, 15001.0, 0.0], [3708.0, 0.0, 15524.0, 0.0], [3820.0, 0.0, 15999.0, 0.0], [3919.0, 0.0, 16470.0, 0.0], [3980.0, 0.0, 16780.0, 0.0], [4051.0, 0.0, 17149.0, 0.0], [4149.0, 0.0, 17652.0, 0.0], [4264.0, 0.0, 18144.0, 0.0], [4355.0, 0.0, 18562.0, 0.0]]
time = [0.743281346, 0.699938712, 1.003949336, 1.124733137, 1.103473677, 1.208978958, 1.116348997, 0.953577341, 1.377506361, 1.32520909, 1.287374492, 1.361891161, 1.322993119, 1.232343865, 1.23495807, 1.58038326, 1.466029624, 1.53225014, 1.617558499, 1.648771304, 1.654422815, 1.695759133, 1.840149307, 1.82568121, 2.017084475, 1.892197938, 1.944076539, 2.139031612, 2.246837729, 2.40015904, 2.111814371, 4.69211741, 2.374421975, 2.369416273, 2.63736707, 2.410483865, 2.365209839, 2.795469136, 2.99349641, 2.802289358]
optimality_gap = [0, 0, 0, 0, 0, 0, 0, 0, 0, 0, 0, 0, 0, 0, 0, 0, 0, 0, 0, 0, 0, 0, 0, 0, 0, 0, 0, 0, 0, 0, 0, 11, 0, 0, 0, 0, 0, 0, 0, 0]
final_time = [125, 210, 312, 407, 505, 616, 722, 821, 915, 1062, 1187, 1324, 1405, 1513, 1638, 1793, 1895, 1997, 2093, 2202, 2327, 2426, 2579, 2655, 2768, 2882, 2982, 3076, 3176, 3291, 3375, 3579, 3708, 3820, 3919, 3980, 4051, 4149, 4264, 4355]
makespans = [125, 150, 212, 267, 325, 396, 462, 521, 575, 682, 767, 864, 905, 973, 1058, 1173, 1235, 1297, 1353, 1422, 1507, 1566, 1679, 1715, 1788, 1862, 1922, 1976, 2036, 2111, 2155, 2319, 2408, 2480, 2539, 2560, 2591, 2649, 2724, 2775]
optimal = [true, true, true, true, true, true, true, true, true, true, true, true, true, true, true, true, true, true, true, true, true, true, true, true, true, true, true, true, true, true, true, false, true, true, true, true, true, true, true, true]
arrival_time = [0, 60, 100, 140, 180, 220, 260, 300, 340, 380, 420, 460, 500, 540, 580, 620, 660, 700, 740, 780, 820, 860, 900, 940, 980, 1020, 1060, 1100, 1140, 1180, 1220, 1260, 1300, 1340, 1380, 1420, 1460, 1500, 1540, 1580]
feasible = [true, true, true, true, true, true, true, true, true, true, true, true, true, true, true, true, true, true, true, true, true, true, true, true, true, true, true, true, true, true, true, true, true, true, true, true, true, true, true, true]
