fallback_feasible = [true, true, true, false, true, true, true, true, true, true, true, true, true, true, true, true, true, true, true, true, true, true, true, true, true, true, true, true, true, true, true, true, true, true, true, true, true, true, true]
cost = [[88.0, 0.0, 236.0, 0.0], [222.0, 0.0, 496.0, 0.0], [341.0, 0.0, 806.0, 0.0], [578.0, 0.0, 1127.0, 0.0], [706.0, 0.0, 1399.0, 0.0], [821.0, 0.0, 1655.0, 0.0], [924.0, 0.0, 1990.0, 0.0], [1039.0, 0.0, 2214.0, 0.0], [1132.0, 0.0, 2447.0, 0.0], [1266.0, 0.0, 2673.0, 0.0], [1438.0, 0.0, 2970.0, 0.0], [1553.0, 0.0, 3271.0, 0.0], [1675.0, 0.0, 3513.0, 0.0], [1761.0, 1.0, 3759.0, 0.0], [1844.0, 0.0, 4080.0, 0.0], [1922.0, 0.0, 4318.0, 0.0], [1423.0, 0.0, 4604.0, 0.0], [1526.0, 0.0, 4851.0, 0.0], [2311.0, 0.0, 5021.0, 0.0], [2426.0, 0.0, 5250.0, 0.0], [1752.0, 0.0, 5452.0, 0.0], [2653.0, 0.0, 5633.0, 0.0], [1837.0, 0.0, 5802.0, 0.0], [1964.0, 0.0, 6046.0, 0.0], [2090.0, 0.0, 6291.0, 0.0], [3238.0, 2.0, 6573.0, 0.0], [3416.0, 0.0, 6842.0, 0.0], [3514.0, 1.0, 7128.0, 0.0], [-1, -1, -1, -1], [3794.0, 0.0, 7670.0, 0.0], [3872.0, 0.0, 7883.0, 0.0], [3971.0, 0.0, 8163.0, 0.0], [4038.0, 0.0, 8414.0, 0.0], [5458.0, 0.0, 8644.0, 0.0], [2870.0, 0.0, 8911.0, 0.0], [4362.0, 1.0, 9146.0, 0.0], [3049.0, 0.0, 9436.0, 0.0], [4629.0, 0.0, 9662.0, 0.0], [4740.0, 1.0, 9938.0, 0.0], [4887.0, 0.0, 10261.0, 0.0]]
time = [0.616809603, 0.536497804, 0.950352883, 1.003994514, 0.76972761, 0.84128736, 1.141157824, 1.02758995, 0.968196351, 0.958392699, 1.276639033, 1.229981921, 1.160503709, 1.209889036, 1.086229893, 0.752475793, 0.771622515, 0.880008973, 1.161347203, 0.99921975, 1.043626717, 1.001348637, 0.890061231, 1.127727831, 1.200399818, 1.022088245, 1.404904642, 1.601195458, 9.217638024, 1.668634992, 1.665845004, 1.349254346, 0.967421576, 1.138455986, 0.931789125, 1.187548808, 1.315532858, 1.362625449, 1.307768546, 1.306664034]
optimality_gap = [0, 0, 0, 0, 0, 0, 0, 0, 0, 0, 0, 0, 0, 0, 0, 0, 0, 0, 0, 0, 0, 0, 0, 0, 0, 0, 0, 0, 10000, 0, 0, 0, 0, 0, 0, 0, 0, 0, 0, 0]
final_time = [88, 134, 207, 237, 262, 322, 340, 377, 415, 474, 549, 530, 596, 616, 632, 674, 749, 777, 785, 864, 888, 901, 936, 1028, 1062, 1148, 1206, 1160, 1348, 1240, 1284, 1339, 1351, 1420, 1450, 1493, 1556, 1580, 1604, 1703]
makespans = [88, 74, 107, 97, 82, 102, 80, 77, 75, 94, 129, 70, 96, 76, 52, 54, 89, 77, 45, 84, 68, 41, 36, 88, 82, 128, 146, 60, 208, 60, 64, 79, 51, 80, 70, 73, 96, 80, 64, 123]
optimal = [true, true, true, true, true, true, true, true, true, true, true, true, true, true, true, true, true, true, true, true, true, true, true, true, true, true, true, true, false, true, true, true, true, true, true, true, true, true, true, true]
arrival_time = [0, 60, 100, 140, 180, 220, 260, 300, 340, 380, 420, 460, 500, 540, 580, 620, 660, 700, 740, 780, 820, 860, 900, 940, 980, 1020, 1060, 1100, 1140, 1180, 1220, 1260, 1300, 1340, 1380, 1420, 1460, 1500, 1540, 1580]
feasible = [true, true, true, true, true, true, true, true, true, true, true, true, true, true, true, true, true, true, true, true, true, true, true, true, true, true, true, true, false, true, true, true, true, true, true, true, true, true, true, true]
