fallback_feasible = [true, true, true, true, true, true, true, true, true, true, true, true, true, true, true, true, true, true, true, true, false, true, true, true, true, true, true, true, true, true, true, true, true, true, true, true, true, true, true]
cost = [[88.0, 0.0, 709.0, 0.0], [275.0, 0.0, 1490.0, 0.0], [508.0, 0.0, 2222.0, 0.0], [659.0, 0.0, 2914.0, 0.0], [1045.0, 0.0, 3565.0, 0.0], [1326.0, 8.0, 4564.0, 0.0], [1464.0, 0.0, 5302.0, 0.0], [1190.0, 0.0, 6016.0, 0.0], [1334.0, 0.0, 6772.0, 0.0], [2084.0, 0.0, 7447.0, 0.0], [1580.0, 0.0, 8156.0, 0.0], [1716.0, 0.0, 8869.0, 0.0], [1886.0, 0.0, 9545.0, 0.0], [2062.0, 1.0, 10256.0, 0.0], [3183.0, 0.0, 11064.0, 0.0], [3379.0, 0.0, 11811.0, 0.0], [2413.0, 0.0, 12418.0, 0.0], [2530.0, 0.0, 13110.0, 0.0], [2685.0, 0.0, 13747.0, 0.0], [2821.0, 0.0, 14435.0, 0.0], [-1, -1, -1, -1], [3226.0, 0.0, 15732.0, 0.0], [4873.0, 2.0, 16470.0, 0.0], [3409.0, 0.0, 17108.0, 0.0], [3576.0, 0.0, 17822.0, 0.0], [5479.0, 0.0, 18452.0, 0.0], [3837.0, 0.0, 19075.0, 0.0], [5844.0, 0.0, 19731.0, 0.0], [4089.0, 0.0, 20482.0, 0.0], [4270.0, 1.0, 21219.0, 0.0], [4425.0, 0.0, 21928.0, 0.0], [-1, -1, -1, -1], [4755.0, 0.0, 23473.0, 0.0], [7192.0, 0.0, 24179.0, 0.0], [7350.0, 0.0, 24897.0, 0.0], [5126.0, 0.0, 25657.0, 0.0], [5244.0, 0.0, 26413.0, 0.0], [7998.0, 0.0, 27226.0, 0.0], [5541.0, 0.0, 27869.0, 0.0], [8381.0, 0.0, 28734.0, 0.0]]
time = [1.034825148, 1.319003223, 1.452773207, 1.585707867, 5.788074271, 2.826200554, 1.809067703, 1.793052509, 1.729394026, 1.832200245, 1.684353464, 1.961193333, 1.867003393, 1.969365983, 1.881834515, 1.940426543, 2.29946312, 1.790555938, 1.838266678, 2.121902932, 9.382368497, 2.877632127, 2.434890298, 2.150851147, 2.276862078, 2.255605761, 2.254438578, 2.046533965, 2.361196475, 2.345075824, 2.666610709, 9.292368061, 4.673817199, 3.069348065, 3.050384945, 2.720591863, 2.839137122, 2.734456519, 2.922663447, 2.938669669]
optimality_gap = [0, 0, 0, 0, 1, 0, 0, 0, 0, 0, 0, 0, 0, 0, 0, 0, 0, 0, 0, 0, 10000, 0, 0, 0, 0, 0, 0, 0, 0, 0, 0, 10000, 0, 0, 0, 0, 0, 0, 0, 0]
final_time = [88, 187, 321, 409, 459, 458, 547, 643, 691, 750, 830, 886, 1000, 1062, 1121, 1196, 1217, 1313, 1372, 1449, 1613, 1613, 1647, 1762, 1814, 1903, 1934, 2007, 2082, 2188, 2237, 2407, 2348, 2437, 2506, 2620, 2624, 2754, 2787, 2840]
makespans = [88, 97, 161, 179, 159, 88, 107, 133, 111, 100, 110, 96, 140, 132, 121, 126, 77, 103, 92, 99, 193, 123, 87, 132, 114, 133, 94, 97, 102, 138, 117, 217, 88, 107, 106, 150, 84, 144, 107, 90]
optimal = [true, true, true, true, false, true, true, true, true, true, true, true, true, true, true, true, true, true, true, true, false, true, true, true, true, true, true, true, true, true, true, false, true, true, true, true, true, true, true, true]
arrival_time = [0, 90, 160, 230, 300, 370, 440, 510, 580, 650, 720, 790, 860, 930, 1000, 1070, 1140, 1210, 1280, 1350, 1420, 1490, 1560, 1630, 1700, 1770, 1840, 1910, 1980, 2050, 2120, 2190, 2260, 2330, 2400, 2470, 2540, 2610, 2680, 2750]
feasible = [true, true, true, true, true, true, true, true, true, true, true, true, true, true, true, true, true, true, true, true, false, true, true, true, true, true, true, true, true, true, true, false, true, true, true, true, true, true, true, true]
