fallback_feasible = [true, true, true, true, true, true, true, true, true, true, true, true, true, true, true, true, true, true, true, true, false, true, false, true, true, true, false, true, true, true, true, true, true, true, true, true, true, true, true]
cost = [[88.0, 0.0, 709.0, 0.0], [195.0, 0.0, 1469.0, 0.0], [366.0, 0.0, 2316.0, 0.0], [484.0, 0.0, 2975.0, 0.0], [579.0, 0.0, 3645.0, 0.0], [678.0, 0.0, 4308.0, 0.0], [795.0, 0.0, 5060.0, 0.0], [937.0, 0.0, 5757.0, 0.0], [1059.0, 0.0, 6453.0, 0.0], [1172.0, 1.0, 7071.0, 0.0], [1294.0, 0.0, 7728.0, 0.0], [1401.0, 1.0, 8479.0, 0.0], [1551.0, 0.0, 9091.0, 0.0], [1692.0, 0.0, 9813.0, 0.0], [1821.0, 0.0, 10503.0, 0.0], [1951.0, 0.0, 11167.0, 0.0], [2040.0, 0.0, 11849.0, 0.0], [2257.0, 0.0, 12611.0, 0.0], [2360.0, 0.0, 13249.0, 0.0], [2469.0, 0.0, 13960.0, 0.0], [2605.0, 0.0, 14736.0, 0.0], [2740.0, 0.0, 15393.0, 0.0], [2837.0, 0.0, 16050.0, 0.0], [2979.0, 0.0, 16770.0, 0.0], [3104.0, 0.0, 17413.0, 0.0], [3247.0, 0.0, 18190.0, 0.0], [3352.0, 0.0, 18888.0, 0.0], [3459.0, 0.0, 19579.0, 0.0], [3571.0, 0.0, 20257.0, 0.0], [3720.0, 0.0, 21047.0, 0.0], [3847.0, 0.0, 21797.0, 0.0], [4006.0, 0.0, 22569.0, 0.0], [4104.0, 0.0, 23382.0, 0.0], [4220.0, 0.0, 24064.0, 0.0], [4336.0, 0.0, 24772.0, 0.0], [4496.0, 0.0, 25517.0, 0.0], [4590.0, 0.0, 26176.0, 0.0], [4744.0, 0.0, 26970.0, 0.0], [4858.0, 0.0, 27539.0, 0.0], [4958.0, 0.0, 28336.0, 0.0]]
time = [1.048885963, 1.226834311, 1.467496439, 1.506913208, 1.531834527, 1.45851271, 1.536280613, 1.70307026, 1.639339617, 1.745745626, 1.663460216, 1.897010439, 2.087129008, 1.964769997, 2.136121438, 2.043144008, 15.861639549, 2.426864682, 2.233326755, 2.261541255, 2.51852373, 2.584769759, 2.664592653, 2.774398364, 2.724105954, 2.970924525, 3.048589536, 3.014479614, 3.040247074, 3.193639329, 3.311314385, 3.717072852, 3.35123612, 3.773336341, 3.784203722, 3.91507047, 3.862763582, 4.102512301, 4.17914579, 4.207047064]
optimality_gap = [0, 0, 0, 0, 0, 0, 0, 0, 0, 0, 0, 0, 0, 0, 0, 0, 2, 0, 0, 0, 0, 0, 0, 0, 0, 0, 0, 0, 0, 0, 0, 0, 0, 0, 0, 0, 0, 0, 0, 0]
final_time = [88, 195, 366, 484, 579, 678, 795, 937, 1059, 1172, 1294, 1401, 1551, 1692, 1821, 1951, 2144, 2257, 2360, 2469, 2605, 2740, 2837, 2979, 3104, 3247, 3352, 3459, 3571, 3720, 3847, 4006, 4104, 4220, 4336, 4496, 4590, 4744, 4858, 4958]
makespans = [88, 105, 206, 254, 279, 308, 355, 427, 479, 522, 574, 611, 691, 762, 821, 881, 1004, 1047, 1080, 1119, 1185, 1250, 1277, 1349, 1404, 1477, 1512, 1549, 1591, 1670, 1727, 1816, 1844, 1890, 1936, 2026, 2050, 2134, 2178, 2208]
optimal = [true, true, true, true, true, true, true, true, true, true, true, true, true, true, true, true, false, true, true, true, true, true, true, true, true, true, true, true, true, true, true, true, true, true, true, true, true, true, true, true]
arrival_time = [0, 90, 160, 230, 300, 370, 440, 510, 580, 650, 720, 790, 860, 930, 1000, 1070, 1140, 1210, 1280, 1350, 1420, 1490, 1560, 1630, 1700, 1770, 1840, 1910, 1980, 2050, 2120, 2190, 2260, 2330, 2400, 2470, 2540, 2610, 2680, 2750]
feasible = [true, true, true, true, true, true, true, true, true, true, true, true, true, true, true, true, true, true, true, true, true, true, true, true, true, true, true, true, true, true, true, true, true, true, true, true, true, true, true, true]
