fallback_feasible = [true, true, true, true, true, true, true, true, true, true, true, true, true, true, true, true, true, true, true, false, false]
cost = [[82.0, 0.0, 236.0, 0.0], [166.0, 0.0, 476.0, 0.0], [290.0, 0.0, 739.0, 0.0], [403.0, 0.0, 929.0, 0.0], [580.0, 1.0, 1237.0, 0.0], [568.0, 0.0, 1421.0, 0.0], [643.0, 0.0, 1662.0, 0.0], [735.0, 0.0, 1883.0, 0.0], [822.0, 0.0, 2064.0, 0.0], [1272.0, 1.0, 2414.0, 0.0], [1369.0, 0.0, 2621.0, 0.0], [1675.0, 0.0, 2949.0, 0.0], [1743.0, 0.0, 3189.0, 0.0], [2103.0, 1.0, 3625.0, 0.0], [2464.0, 3.0, 3937.0, 0.0], [2831.0, 7.0, 4139.0, 0.0], [3199.0, 0.0, 4357.0, 0.0], [2956.0, 0.0, 4634.0, 0.0], [3328.0, 1.0, 5043.0, 0.0], [2747.0, 0.0, 5258.0, 0.0], [4097.0, 0.0, 5613.0, 0.0], [-1, -1, -1, -1]]
time = [0.474137928, 0.777461258, 0.610869083, 1.220443366, 0.852097219, 0.73189287, 1.179296056, 1.274897764, 2.757483422, 1.66131106, 1.543985483, 1.758364171, 5.733993288, 2.346782349, 2.485974077, 3.027522432, 2.458135646, 4.737393335, 1.832800996, 27.747219233, 5.878596547, 7.027495205]
optimality_gap = [0, 0, 0, 0, 0, 0, 0, 0, 1, 0, 0, 0, 1, 0, 0, 0, 0, 3, 0, 1, 195, 10000]
final_time = [82, 84, 124, 113, 188, 154, 256, 334, 648, 234, 351, 643, 364, 330, 361, 367, 578, 719, 704, 710, 689, -1]
makespans = [82, 44, 64, 33, 88, 34, 116, 174, 468, 34, 131, 403, 104, 50, 61, 47, 238, 359, 324, 310, 269, -441]
optimal = [true, true, true, true, true, true, true, true, false, true, true, true, false, true, true, true, true, false, true, false, false, false]
arrival_time = [0, 40, 60, 80, 100, 120, 140, 160, 180, 200, 220, 240, 260, 280, 300, 320, 340, 360, 380, 400, 420, 440]
feasible = [true, true, true, true, true, true, true, true, true, true, true, true, true, true, true, true, true, true, true, true, true, false]
