fallback_feasible = [true, true, true, true, false]
cost = [[107.0, 0.0, 678.0, 0.0], [228.0, 0.0, 1371.0, 0.0], [343.0, 0.0, 2280.0, 0.0], [436.0, 0.0, 3021.0, 0.0], [649.0, 0.0, 3813.0, 0.0], [-1, -1, -1, -1]]
time = [1.252318466, 1.592227073, 40.943846561, 197.175174655, 197.405577695, 100.248535643]
optimality_gap = [0, 0, 0, 66, 174, 10000]
final_time = [107, 228, 343, 522, 768, -1]
makespans = [107, 128, 163, 262, 428, -421]
optimal = [true, true, true, false, false, false]
arrival_time = [0, 100, 180, 260, 340, 420]
feasible = [true, true, true, true, true, false]
