fallback_feasible = [true, true, true, true, false, false]
cost = [[92.0, 0.0, 448.0, 0.0], [297.0, 0.0, 1053.0, 0.0], [499.0, 0.0, 1646.0, 0.0], [675.0, 2.0, 2281.0, 0.0], [1095.0, 2.0, 2787.0, 0.0], [1161.0, 0.0, 3307.0, 0.0], [-1, -1, -1, -1]]
time = [0.781410866, 1.128140092, 2.155348737, 2.594977489, 10.074868475, 11.214091399, 9.76176859]
optimality_gap = [0, 0, 0, 0, 108, 1, 10000]
final_time = [92, 205, 202, 269, 546, 603, -1]
makespans = [92, 145, 102, 129, 366, 383, -261]
optimal = [true, true, true, true, false, false, false]
arrival_time = [0, 60, 100, 140, 180, 220, 260]
feasible = [true, true, true, true, true, true, false]
