fallback_feasible = [true, true, false]
cost = [[125.0, 0.0, 467.0, 0.0], [294.0, 0.0, 983.0, 0.0], [-1, -1, -1, -1], [-1, -1, -1, -1]]
time = [0.891418036, 15.283414369, 10.717903578, 15.930849583]
optimality_gap = [0, 11, 10000, 10000]
final_time = [125, 251, 306, -1]
makespans = [125, 191, 206, -141]
optimal = [true, false, false, false]
arrival_time = [0, 60, 100, 140]
feasible = [true, true, false, false]
