fallback_feasible = [true, true, true, true, true, true, true, true, true, true, true, true, true, true, true, true, true, true, true, true, true, true, true, true, true, true, true, true, true, true, true, true, true, true, true, true, true, true, true]
cost = [[101.0, 0.0, 501.0, 0.0], [275.0, 0.0, 1009.0, 0.0], [423.0, 0.0, 1536.0, 0.0], [559.0, 0.0, 2025.0, 0.0], [675.0, 0.0, 2435.0, 0.0], [774.0, 0.0, 2866.0, 0.0], [870.0, 0.0, 3294.0, 0.0], [1022.0, 0.0, 3796.0, 0.0], [1137.0, 0.0, 4304.0, 0.0], [1815.0, 0.0, 4737.0, 0.0], [1379.0, 0.0, 5210.0, 0.0], [2193.0, 0.0, 5737.0, 0.0], [1631.0, 0.0, 6207.0, 0.0], [2555.0, 0.0, 6710.0, 0.0], [1967.0, 0.0, 7272.0, 0.0], [2968.0, 0.0, 7805.0, 0.0], [3075.0, 0.0, 8241.0, 0.0], [3190.0, 0.0, 8685.0, 0.0], [2322.0, 0.0, 9098.0, 0.0], [2464.0, 0.0, 9558.0, 0.0], [2551.0, 0.0, 10007.0, 0.0], [2676.0, 0.0, 10428.0, 0.0], [2825.0, 0.0, 10859.0, 0.0], [2925.0, 0.0, 11353.0, 0.0], [3049.0, 0.0, 11839.0, 0.0], [3147.0, 0.0, 12270.0, 0.0], [3250.0, 0.0, 12638.0, 0.0], [3387.0, 0.0, 13051.0, 0.0], [3502.0, 0.0, 13528.0, 0.0], [3623.0, 0.0, 13922.0, 0.0], [3762.0, 0.0, 14346.0, 0.0], [3898.0, 0.0, 14848.0, 0.0], [4012.0, 0.0, 15369.0, 0.0], [4109.0, 0.0, 15842.0, 0.0], [4222.0, 0.0, 16278.0, 0.0], [4399.0, 0.0, 16731.0, 0.0], [4487.0, 0.0, 17071.0, 0.0], [6840.0, 0.0, 17523.0, 0.0], [4737.0, 0.0, 17970.0, 0.0], [7193.0, 0.0, 18453.0, 0.0]]
time = [0.693972215, 0.984664368, 1.183037067, 1.241028888, 1.170528802, 1.183570512, 0.942951062, 1.348186486, 1.096390427, 1.160278297, 0.977752782, 1.374717815, 1.303838003, 1.399896838, 1.510390351, 1.651359753, 1.2860617, 1.254766164, 1.466931223, 1.390963037, 1.394647387, 1.772043185, 1.49834554, 1.496070217, 1.362377361, 1.412043057, 1.520907782, 1.534873321, 1.595774165, 1.480084188, 1.556491325, 1.828841368, 1.694103773, 1.72974964, 1.751085105, 1.807512539, 1.923812405, 1.638884188, 1.815143728, 2.015193251]
optimality_gap = [0, 0, 0, 0, 0, 0, 0, 0, 0, 0, 0, 0, 0, 0, 0, 0, 0, 0, 0, 0, 0, 0, 0, 0, 0, 0, 0, 0, 0, 0, 0, 0, 0, 0, 0, 0, 0, 0, 0, 0]
final_time = [101, 174, 249, 310, 365, 409, 461, 561, 576, 678, 701, 814, 817, 924, 1043, 1001, 1031, 1116, 1206, 1258, 1293, 1383, 1442, 1483, 1566, 1581, 1669, 1718, 1784, 1839, 1923, 1975, 2037, 2072, 2150, 2249, 2238, 2353, 2384, 2456]
makespans = [101, 94, 109, 110, 105, 89, 81, 121, 76, 118, 81, 134, 77, 124, 183, 81, 51, 76, 106, 98, 73, 103, 102, 83, 106, 61, 89, 78, 84, 79, 103, 95, 97, 72, 90, 129, 58, 113, 84, 96]
optimal = [true, true, true, true, true, true, true, true, true, true, true, true, true, true, true, true, true, true, true, true, true, true, true, true, true, true, true, true, true, true, true, true, true, true, true, true, true, true, true, true]
arrival_time = [0, 80, 140, 200, 260, 320, 380, 440, 500, 560, 620, 680, 740, 800, 860, 920, 980, 1040, 1100, 1160, 1220, 1280, 1340, 1400, 1460, 1520, 1580, 1640, 1700, 1760, 1820, 1880, 1940, 2000, 2060, 2120, 2180, 2240, 2300, 2360]
feasible = [true, true, true, true, true, true, true, true, true, true, true, true, true, true, true, true, true, true, true, true, true, true, true, true, true, true, true, true, true, true, true, true, true, true, true, true, true, true, true, true]
