fallback_feasible = [true, true, true, true, true, true, true, true, true, true, false, true, true, true, true, true, true, true, true, true, true, true, true, true, true, true, true, true, true, false, true, true, true, true, true, true, true, true, true]
cost = [[83.0, 0.0, 257.0, 0.0], [228.0, 0.0, 567.0, 0.0], [293.0, 1.0, 846.0, 0.0], [512.0, 0.0, 1061.0, 0.0], [444.0, 0.0, 1273.0, 0.0], [708.0, 0.0, 1430.0, 0.0], [592.0, 0.0, 1703.0, 0.0], [731.0, 0.0, 1977.0, 0.0], [819.0, 0.0, 2181.0, 0.0], [1250.0, 2.0, 2383.0, 0.0], [1344.0, 0.0, 2668.0, 0.0], [1007.0, 0.0, 2939.0, 0.0], [1569.0, 0.0, 3147.0, 0.0], [1185.0, 0.0, 3383.0, 0.0], [1327.0, 0.0, 3624.0, 0.0], [2021.0, 0.0, 3870.0, 0.0], [2160.0, 0.0, 4151.0, 0.0], [2927.0, 0.0, 4352.0, 0.0], [2393.0, 0.0, 4671.0, 0.0], [1699.0, 0.0, 4951.0, 0.0], [2597.0, 0.0, 5160.0, 0.0], [2715.0, 0.0, 5401.0, 0.0], [2818.0, 0.0, 5628.0, 0.0], [2949.0, 0.0, 5817.0, 0.0], [2089.0, 0.0, 6021.0, 0.0], [3207.0, 1.0, 6326.0, 0.0], [3311.0, 0.0, 6539.0, 0.0], [3470.0, 0.0, 6818.0, 0.0], [3549.0, 0.0, 7039.0, 0.0], [3693.0, 0.0, 7307.0, 0.0], [3768.0, 0.0, 7572.0, 0.0], [3876.0, 0.0, 7749.0, 0.0], [2701.0, 0.0, 7982.0, 0.0], [2806.0, 0.0, 8250.0, 0.0], [4244.0, 5.0, 8565.0, 0.0], [4422.0, 0.0, 8885.0, 0.0], [3046.0, 0.0, 9095.0, 0.0], [4592.0, 0.0, 9322.0, 0.0], [4688.0, 0.0, 9585.0, 0.0], [3230.0, 0.0, 9853.0, 0.0]]
time = [0.421524524, 0.617510308, 0.662352716, 0.927875285, 0.582398163, 0.613814348, 0.857220615, 0.974295942, 1.182716096, 0.865382331, 0.764900089, 0.825524638, 0.941647737, 0.903062865, 1.279352408, 1.26859712, 1.385098435, 1.137170987, 2.16300401, 0.995418794, 1.253989554, 1.294446616, 1.094645025, 0.952585511, 1.193847129, 1.357646731, 1.247274769, 1.423587239, 1.27549946, 1.267769667, 1.2735435, 1.10972598, 1.218013927, 1.409653878, 1.285020442, 1.391527318, 1.305192603, 1.274673332, 1.141375641, 1.229567367]
optimality_gap = [0, 0, 0, 0, 0, 0, 0, 0, 0, 0, 0, 0, 0, 0, 0, 0, 0, 0, 0, 0, 0, 0, 0, 0, 0, 0, 0, 0, 0, 0, 0, 0, 0, 0, 0, 0, 0, 0, 0, 0]
final_time = [83, 145, 148, 219, 225, 264, 328, 403, 416, 431, 497, 510, 562, 623, 704, 694, 762, 768, 864, 835, 898, 953, 967, 1029, 1060, 1118, 1133, 1219, 1197, 1277, 1272, 1327, 1374, 1432, 1438, 1552, 1494, 1546, 1590, 1640]
makespans = [83, 85, 48, 79, 45, 44, 68, 103, 76, 51, 77, 50, 62, 83, 124, 74, 102, 68, 124, 55, 78, 93, 67, 89, 80, 98, 73, 119, 57, 97, 52, 67, 74, 92, 58, 132, 34, 46, 50, 60]
optimal = [true, true, true, true, true, true, true, true, true, true, true, true, true, true, true, true, true, true, true, true, true, true, true, true, true, true, true, true, true, true, true, true, true, true, true, true, true, true, true, true]
arrival_time = [0, 60, 100, 140, 180, 220, 260, 300, 340, 380, 420, 460, 500, 540, 580, 620, 660, 700, 740, 780, 820, 860, 900, 940, 980, 1020, 1060, 1100, 1140, 1180, 1220, 1260, 1300, 1340, 1380, 1420, 1460, 1500, 1540, 1580]
feasible = [true, true, true, true, true, true, true, true, true, true, true, true, true, true, true, true, true, true, true, true, true, true, true, true, true, true, true, true, true, true, true, true, true, true, true, true, true, true, true, true]
