fallback_feasible = [true, true, true, true, true, true, true, true, true, true, true, true, true, true, true, true, true, true, true, true, true, true, true, true, true, true, true, true, true, true, true, true, true, true, true, true, true, true, false]
cost = [[47.0, 0.0, 182.0, 0.0], [96.0, 0.0, 334.0, 0.0], [143.0, 0.0, 513.0, 0.0], [232.0, 0.0, 758.0, 0.0], [293.0, 0.0, 953.0, 0.0], [352.0, 0.0, 1167.0, 0.0], [409.0, 0.0, 1368.0, 0.0], [486.0, 0.0, 1658.0, 0.0], [547.0, 0.0, 1860.0, 0.0], [607.0, 0.0, 2059.0, 0.0], [689.0, 0.0, 2239.0, 0.0], [764.0, 0.0, 2489.0, 0.0], [857.0, 0.0, 2753.0, 0.0], [978.0, 0.0, 2962.0, 0.0], [1071.0, 0.0, 3221.0, 0.0], [1198.0, 0.0, 3451.0, 0.0], [1289.0, 0.0, 3656.0, 0.0], [1361.0, 0.0, 3889.0, 0.0], [1425.0, 0.0, 4072.0, 0.0], [1494.0, 0.0, 4297.0, 0.0], [1564.0, 0.0, 4489.0, 0.0], [1640.0, 0.0, 4724.0, 0.0], [1731.0, 0.0, 4977.0, 0.0], [1839.0, 0.0, 5225.0, 0.0], [1950.0, 0.0, 5508.0, 0.0], [2028.0, 0.0, 5745.0, 0.0], [2099.0, 0.0, 5937.0, 0.0], [2224.0, 0.0, 6192.0, 0.0], [2310.0, 0.0, 6406.0, 0.0], [2394.0, 0.0, 6602.0, 0.0], [2484.0, 0.0, 6824.0, 0.0], [2581.0, 0.0, 7054.0, 0.0], [2734.0, 0.0, 7274.0, 0.0], [2823.0, 0.0, 7511.0, 0.0], [2909.0, 0.0, 7732.0, 0.0], [3001.0, 0.0, 7978.0, 0.0], [3069.0, 0.0, 8154.0, 0.0], [3122.0, 0.0, 8347.0, 0.0], [3195.0, 0.0, 8554.0, 0.0], [3278.0, 0.0, 8805.0, 0.0]]
time = [0.370830028, 0.606414817, 0.460374492, 0.83238664, 0.544701762, 0.670956937, 0.7789751, 0.841691812, 0.663803312, 0.636755999, 0.675242356, 0.676327106, 0.722305744, 1.013917614, 0.995520331, 1.033213778, 1.135355285, 1.042368156, 0.978446639, 1.014807757, 1.052220327, 0.886927716, 1.125765938, 1.243032337, 1.2594578, 1.401671916, 1.280029153, 1.379103102, 1.325180793, 1.297539511, 1.416783281, 1.479045264, 1.66671084, 1.715898993, 1.554722031, 1.90816011, 1.711406555, 1.658423726, 1.72516601, 1.98117661]
optimality_gap = [0, 0, 0, 0, 0, 0, 0, 0, 0, 0, 0, 0, 0, 0, 0, 0, 0, 0, 0, 0, 0, 0, 0, 0, 0, 0, 0, 0, 0, 0, 0, 0, 0, 0, 0, 0, 0, 0, 0, 0]
final_time = [47, 96, 143, 232, 293, 352, 409, 486, 547, 607, 689, 764, 857, 978, 1071, 1198, 1289, 1361, 1425, 1494, 1564, 1640, 1731, 1839, 1950, 2028, 2099, 2224, 2310, 2394, 2484, 2581, 2734, 2823, 2909, 3001, 3069, 3122, 3195, 3278]
makespans = [47, 56, 83, 152, 193, 232, 269, 326, 367, 407, 469, 524, 597, 698, 771, 878, 949, 1001, 1045, 1094, 1144, 1200, 1271, 1359, 1450, 1508, 1559, 1664, 1730, 1794, 1864, 1941, 2074, 2143, 2209, 2281, 2329, 2362, 2415, 2478]
optimal = [true, true, true, true, true, true, true, true, true, true, true, true, true, true, true, true, true, true, true, true, true, true, true, true, true, true, true, true, true, true, true, true, true, true, true, true, true, true, true, true]
arrival_time = [0, 40, 60, 80, 100, 120, 140, 160, 180, 200, 220, 240, 260, 280, 300, 320, 340, 360, 380, 400, 420, 440, 460, 480, 500, 520, 540, 560, 580, 600, 620, 640, 660, 680, 700, 720, 740, 760, 780, 800]
feasible = [true, true, true, true, true, true, true, true, true, true, true, true, true, true, true, true, true, true, true, true, true, true, true, true, true, true, true, true, true, true, true, true, true, true, true, true, true, true, true, true]
