fallback_feasible = [true, true, true, true, true, true, true, true, true, true, true, true, true, true, true, false, false, false, false, false, true, false, false, false]
cost = [[47.0, 0.0, 182.0, 0.0], [126.0, 0.0, 355.0, 0.0], [176.0, 0.0, 531.0, 0.0], [336.0, 0.0, 813.0, 0.0], [417.0, 0.0, 1055.0, 0.0], [486.0, 1.0, 1247.0, 0.0], [680.0, 0.0, 1465.0, 0.0], [908.0, 1.0, 1778.0, 0.0], [651.0, 0.0, 1955.0, 0.0], [905.0, 0.0, 2179.0, 0.0], [1004.0, 0.0, 2393.0, 0.0], [853.0, 0.0, 2674.0, 0.0], [1194.0, 0.0, 2904.0, 0.0], [1334.0, 0.0, 3154.0, 0.0], [1716.0, 0.0, 3504.0, 0.0], [1916.0, 0.0, 3758.0, 0.0], [2751.0, 0.0, 4103.0, 0.0], [3175.0, 0.0, 4267.0, 0.0], [3610.0, 0.0, 4495.0, 0.0], [4071.0, 0.0, 4918.0, 0.0], [4548.0, 0.0, 5082.0, 0.0], [4206.0, 2.0, 5384.0, 0.0], [4314.0, 0.0, 5640.0, 0.0], [5613.0, 0.0, 6023.0, 0.0], [-1, -1, -1, -1]]
time = [0.376224301, 0.446235754, 0.738372938, 0.847303976, 0.952054156, 1.213918138, 1.141872419, 1.130317171, 1.327655595, 1.258772078, 1.290618491, 1.227309731, 1.226228618, 1.448203005, 1.350537011, 4.777207239, 2.288878073, 4.887700967, 2.72879092, 2.850228719, 2.567455697, 2.497738894, 7.926355489, 9.796425307, 8.762896119]
optimality_gap = [0, 0, 0, 0, 0, 0, 0, 0, 0, 0, 0, 0, 0, 0, 0, 365, 0, 0, 0, 0, 0, 0, 1, 1, 10000]
final_time = [47, 79, 97, 160, 160, 166, 194, 228, 229, 254, 293, 306, 890, 766, 906, 960, 424, 424, 435, 461, 578, 859, 883, 854, -1]
makespans = [47, 39, 37, 80, 60, 46, 54, 68, 49, 54, 73, 66, 630, 486, 606, 640, 84, 64, 55, 61, 158, 419, 423, 374, -501]
optimal = [true, true, true, true, true, true, true, true, true, true, true, true, true, true, true, false, true, true, true, true, true, true, false, false, false]
arrival_time = [0, 40, 60, 80, 100, 120, 140, 160, 180, 200, 220, 240, 260, 280, 300, 320, 340, 360, 380, 400, 420, 440, 460, 480, 500]
feasible = [true, true, true, true, true, true, true, true, true, true, true, true, true, true, true, true, true, true, true, true, true, true, true, true, false]
