fallback_feasible = [true, true, true, true, true, true, true, true, true, true, true, true, true, true, true, true, true, true, true, true, true, true, true, true, true, true, true, true, true, true, true, true, true, true, true, true, true, true, true]
cost = [[108.0, 0.0, 556.0, 0.0], [211.0, 0.0, 1040.0, 0.0], [302.0, 0.0, 1544.0, 0.0], [388.0, 0.0, 2092.0, 0.0], [526.0, 0.0, 2579.0, 0.0], [610.0, 0.0, 2947.0, 0.0], [710.0, 0.0, 3414.0, 0.0], [805.0, 0.0, 3773.0, 0.0], [995.0, 0.0, 4305.0, 0.0], [1104.0, 0.0, 4822.0, 0.0], [1194.0, 0.0, 5282.0, 0.0], [1303.0, 0.0, 5692.0, 0.0], [1410.0, 0.0, 6093.0, 0.0], [1487.0, 0.0, 6483.0, 0.0], [1593.0, 0.0, 7037.0, 0.0], [1693.0, 0.0, 7421.0, 0.0], [1791.0, 0.0, 7894.0, 0.0], [1964.0, 0.0, 8393.0, 0.0], [2067.0, 0.0, 8905.0, 0.0], [2146.0, 0.0, 9326.0, 0.0], [2278.0, 0.0, 9799.0, 0.0], [2396.0, 0.0, 10350.0, 0.0], [2507.0, 0.0, 10796.0, 0.0], [2628.0, 0.0, 11213.0, 0.0], [2698.0, 0.0, 11560.0, 0.0], [2799.0, 0.0, 11999.0, 0.0], [2872.0, 0.0, 12435.0, 0.0], [2984.0, 0.0, 12940.0, 0.0], [3119.0, 0.0, 13435.0, 0.0], [3230.0, 0.0, 13894.0, 0.0], [3325.0, 0.0, 14443.0, 0.0], [3419.0, 0.0, 14858.0, 0.0], [3487.0, 0.0, 15298.0, 0.0], [3585.0, 0.0, 15667.0, 0.0], [3704.0, 0.0, 16146.0, 0.0], [3843.0, 0.0, 16582.0, 0.0], [3924.0, 0.0, 17068.0, 0.0], [4004.0, 0.0, 17581.0, 0.0], [4096.0, 0.0, 18045.0, 0.0], [4183.0, 0.0, 18485.0, 0.0]]
time = [0.818642328, 0.75203023, 1.010835213, 1.266970734, 1.153574859, 1.131471961, 1.192471079, 1.170788294, 1.246634881, 1.328948386, 1.115253558, 1.291052026, 1.352206044, 1.212888034, 1.419429081, 1.624145029, 1.514238183, 1.705690399, 1.541574874, 1.741868965, 1.731666408, 1.767606076, 1.938162325, 1.82382748, 1.965779524, 1.850670054, 1.839181936, 2.264100549, 2.05487007, 2.301478935, 2.151509015, 2.326742263, 2.200832881, 2.241723027, 2.495277955, 2.608999808, 2.687975963, 2.435906633, 2.536999369, 2.796607064]
optimality_gap = [0, 0, 0, 0, 0, 0, 0, 0, 0, 0, 0, 0, 0, 0, 0, 0, 0, 0, 0, 0, 0, 0, 0, 0, 0, 0, 0, 0, 0, 0, 0, 0, 0, 0, 0, 0, 0, 0, 0, 0]
final_time = [108, 211, 302, 388, 526, 610, 710, 805, 995, 1104, 1194, 1303, 1410, 1487, 1593, 1693, 1791, 1964, 2067, 2146, 2278, 2396, 2507, 2628, 2698, 2799, 2872, 2984, 3119, 3230, 3325, 3419, 3487, 3585, 3704, 3843, 3924, 4004, 4096, 4183]
makespans = [108, 141, 182, 218, 306, 340, 390, 435, 575, 634, 674, 733, 790, 817, 873, 923, 971, 1094, 1147, 1176, 1258, 1326, 1387, 1458, 1478, 1529, 1552, 1614, 1699, 1760, 1805, 1849, 1867, 1915, 1984, 2073, 2104, 2134, 2176, 2213]
optimal = [true, true, true, true, true, true, true, true, true, true, true, true, true, true, true, true, true, true, true, true, true, true, true, true, true, true, true, true, true, true, true, true, true, true, true, true, true, true, true, true]
arrival_time = [0, 70, 120, 170, 220, 270, 320, 370, 420, 470, 520, 570, 620, 670, 720, 770, 820, 870, 920, 970, 1020, 1070, 1120, 1170, 1220, 1270, 1320, 1370, 1420, 1470, 1520, 1570, 1620, 1670, 1720, 1770, 1820, 1870, 1920, 1970]
feasible = [true, true, true, true, true, true, true, true, true, true, true, true, true, true, true, true, true, true, true, true, true, true, true, true, true, true, true, true, true, true, true, true, true, true, true, true, true, true, true, true]
