fallback_feasible = [true, true, true, true, true, true, true, true, false, false, true, true, true, true, true, true, true, true, true, true, true, true, true, true, false, true, true, true, true, true, true, false, true, true, true, true, true, true, true]
cost = [[75.0, 0.0, 454.0, 0.0], [244.0, 0.0, 944.0, 0.0], [350.0, 1.0, 1407.0, 0.0], [425.0, 0.0, 1772.0, 0.0], [568.0, 0.0, 2261.0, 0.0], [665.0, 0.0, 2706.0, 0.0], [788.0, 0.0, 3151.0, 0.0], [867.0, 0.0, 3625.0, 0.0], [961.0, 0.0, 4055.0, 0.0], [1050.0, 0.0, 4553.0, 0.0], [1181.0, 0.0, 5002.0, 0.0], [1354.0, 0.0, 5554.0, 0.0], [1437.0, 1.0, 5947.0, 0.0], [1527.0, 0.0, 6394.0, 0.0], [1623.0, 0.0, 6821.0, 0.0], [1738.0, 0.0, 7248.0, 0.0], [1821.0, 0.0, 7691.0, 0.0], [1918.0, 0.0, 8170.0, 0.0], [2047.0, 0.0, 8584.0, 0.0], [2153.0, 0.0, 9109.0, 0.0], [2243.0, 0.0, 9581.0, 0.0], [2350.0, 0.0, 9963.0, 0.0], [2438.0, 0.0, 10352.0, 0.0], [2531.0, 0.0, 10711.0, 0.0], [2668.0, 0.0, 11203.0, 0.0], [2809.0, 0.0, 11653.0, 0.0], [2879.0, 0.0, 12076.0, 0.0], [3012.0, 0.0, 12543.0, 0.0], [3119.0, 0.0, 13031.0, 0.0], [3218.0, 0.0, 13485.0, 0.0], [3329.0, 0.0, 13905.0, 0.0], [3415.0, 0.0, 14215.0, 0.0], [3510.0, 0.0, 14570.0, 0.0], [3610.0, 0.0, 14912.0, 0.0], [3707.0, 0.0, 15341.0, 0.0], [3837.0, 0.0, 15771.0, 0.0], [3949.0, 0.0, 16193.0, 0.0], [4050.0, 0.0, 16596.0, 0.0], [4149.0, 1.0, 17120.0, 0.0], [4239.0, 0.0, 17601.0, 0.0]]
time = [0.850999591, 0.908939888, 0.778569029, 1.0935949, 1.135364997, 1.103757036, 1.029128454, 0.93197051, 1.142392184, 1.273275636, 1.383411451, 1.615871238, 1.358953894, 1.318959724, 1.576769547, 1.457409026, 1.516707862, 1.502600137, 1.591762478, 1.914030915, 1.62167066, 1.700979454, 1.700541268, 1.674527085, 2.057762951, 1.930866077, 1.854908991, 2.342132829, 2.027818506, 2.223986336, 2.073801522, 2.162131017, 2.270572348, 2.442738228, 2.642845828, 2.432955065, 2.493158854, 2.5233842, 2.836113272, 2.854503172]
optimality_gap = [0, 0, 0, 0, 0, 0, 0, 0, 0, 0, 0, 0, 0, 0, 0, 0, 0, 0, 0, 0, 0, 0, 0, 0, 0, 0, 0, 0, 0, 0, 0, 0, 0, 0, 0, 0, 0, 0, 0, 0]
final_time = [75, 244, 350, 425, 568, 665, 788, 867, 961, 1050, 1181, 1354, 1437, 1527, 1623, 1738, 1821, 1918, 2047, 2153, 2243, 2350, 2438, 2531, 2668, 2809, 2879, 3012, 3119, 3218, 3329, 3415, 3510, 3610, 3707, 3837, 3949, 4050, 4149, 4239]
makespans = [75, 174, 230, 255, 348, 395, 468, 497, 541, 580, 661, 784, 817, 857, 903, 968, 1001, 1048, 1127, 1183, 1223, 1280, 1318, 1361, 1448, 1539, 1559, 1642, 1699, 1748, 1809, 1845, 1890, 1940, 1987, 2067, 2129, 2180, 2229, 2269]
optimal = [true, true, true, true, true, true, true, true, true, true, true, true, true, true, true, true, true, true, true, true, true, true, true, true, true, true, true, true, true, true, true, true, true, true, true, true, true, true, true, true]
arrival_time = [0, 70, 120, 170, 220, 270, 320, 370, 420, 470, 520, 570, 620, 670, 720, 770, 820, 870, 920, 970, 1020, 1070, 1120, 1170, 1220, 1270, 1320, 1370, 1420, 1470, 1520, 1570, 1620, 1670, 1720, 1770, 1820, 1870, 1920, 1970]
feasible = [true, true, true, true, true, true, true, true, true, true, true, true, true, true, true, true, true, true, true, true, true, true, true, true, true, true, true, true, true, true, true, true, true, true, true, true, true, true, true, true]
