fallback_feasible = [true, true, true, true, true, true, false, true, true, true, true, true, false, true, true, true, true, true, true, true, true, true, true, true, true, true, true, true, true, true, false, true, true, true, true, true, true, true, true]
cost = [[88.0, 0.0, 236.0, 0.0], [212.0, 0.0, 454.0, 0.0], [409.0, 0.0, 753.0, 0.0], [547.0, 0.0, 990.0, 0.0], [674.0, 0.0, 1234.0, 0.0], [790.0, 0.0, 1514.0, 0.0], [1410.0, 0.0, 1944.0, 0.0], [1778.0, 0.0, 2261.0, 0.0], [2183.0, 0.0, 2524.0, 0.0], [1658.0, 0.0, 2761.0, 0.0], [1827.0, 0.0, 2974.0, 0.0], [1746.0, 0.0, 3335.0, 0.0], [2332.0, 0.0, 3650.0, 0.0], [2419.0, 1.0, 3886.0, 0.0], [3035.0, 0.0, 4161.0, 0.0], [3369.0, 0.0, 4598.0, 0.0], [3503.0, 0.0, 4879.0, 0.0], [2951.0, 0.0, 5158.0, 0.0], [3028.0, 0.0, 5380.0, 0.0], [2403.0, 0.0, 5649.0, 0.0], [1732.0, 0.0, 5838.0, 0.0], [2622.0, 0.0, 6034.0, 0.0], [1816.0, 0.0, 6215.0, 0.0], [1943.0, 0.0, 6484.0, 0.0], [2069.0, 0.0, 6752.0, 0.0], [3207.0, 2.0, 7056.0, 0.0], [3386.0, 0.0, 7308.0, 0.0], [3484.0, 2.0, 7616.0, 0.0], [4771.0, 0.0, 7871.0, 0.0], [5161.0, 0.0, 8251.0, 0.0], [6435.0, 0.0, 8523.0, 0.0], [6531.0, 0.0, 8695.0, 0.0], [5354.0, 0.0, 8991.0, 0.0], [5476.0, 0.0, 9253.0, 0.0], [4246.0, 0.0, 9507.0, 0.0], [4332.0, 1.0, 9756.0, 0.0], [3025.0, 0.0, 9967.0, 0.0], [4595.0, 0.0, 10177.0, 0.0], [4704.0, 0.0, 10427.0, 0.0], [4854.0, 0.0, 10747.0, 0.0]]
time = [0.457618346, 0.761932381, 0.780417732, 0.729635197, 0.868273034, 2.88455381, 1.712830026, 1.839779445, 1.529855195, 1.107255633, 2.986600866, 1.590732114, 1.736918234, 1.663173054, 4.769892186, 1.711625261, 1.825328528, 1.272369187, 1.256542894, 1.019315284, 0.985363328, 0.866421686, 0.769699035, 1.072925424, 1.291752203, 1.372854369, 1.489830604, 1.810403676, 2.989800715, 2.036861074, 2.219895379, 1.921734662, 1.646278317, 1.279009027, 1.038757994, 1.220871089, 1.211370306, 1.420056173, 1.264771164, 1.276858049]
optimality_gap = [0, 0, 0, 0, 0, 1, 0, 0, 0, 0, 1, 0, 0, 0, 1, 0, 0, 0, 0, 0, 0, 0, 0, 0, 0, 0, 0, 0, 23, 0, 0, 0, 0, 0, 0, 0, 0, 0, 0, 0]
final_time = [88, 124, 197, 332, 328, 420, 330, 368, 405, 578, 737, 515, 657, 608, 703, 664, 742, 769, 780, 854, 878, 890, 926, 1017, 1052, 1138, 1290, 1246, 1396, 1229, 1274, 1325, 1343, 1412, 1438, 1482, 1543, 1570, 1591, 1693]
makespans = [88, 64, 97, 192, 148, 200, 70, 68, 65, 198, 317, 55, 157, 68, 123, 44, 82, 69, 40, 74, 58, 30, 26, 77, 72, 118, 230, 146, 256, 49, 54, 65, 43, 72, 58, 62, 83, 70, 51, 113]
optimal = [true, true, true, true, true, false, true, true, true, true, false, true, true, true, false, true, true, true, true, true, true, true, true, true, true, true, true, true, false, true, true, true, true, true, true, true, true, true, true, true]
arrival_time = [0, 60, 100, 140, 180, 220, 260, 300, 340, 380, 420, 460, 500, 540, 580, 620, 660, 700, 740, 780, 820, 860, 900, 940, 980, 1020, 1060, 1100, 1140, 1180, 1220, 1260, 1300, 1340, 1380, 1420, 1460, 1500, 1540, 1580]
feasible = [true, true, true, true, true, true, true, true, true, true, true, true, true, true, true, true, true, true, true, true, true, true, true, true, true, true, true, true, true, true, true, true, true, true, true, true, true, true, true, true]
