fallback_feasible = [true, true, true, true, true, true, true, true, false]
cost = [[99.0, 0.0, 426.0, 0.0], [289.0, 0.0, 1026.0, 0.0], [415.0, 0.0, 1558.0, 0.0], [550.0, 0.0, 2162.0, 0.0], [699.0, 0.0, 2691.0, 0.0], [1193.0, 0.0, 3227.0, 0.0], [1368.0, 0.0, 3774.0, 0.0], [1663.0, 1.0, 4489.0, 0.0], [-1, -1, -1, -1], [-1, -1, -1, -1]]
time = [0.734061417, 1.234189873, 2.231343646, 1.603600291, 2.164015258, 2.067798397, 15.535583949, 16.332929062, 9.984832938, 9.914743846]
optimality_gap = [0, 0, 0, 0, 0, 0, 17, 16, 10000, 10000]
final_time = [99, 190, 225, 325, 374, 494, 608, 729, 823, -1]
makespans = [99, 110, 85, 125, 114, 174, 228, 289, 323, -561]
optimal = [true, true, true, true, true, true, false, false, false, false]
arrival_time = [0, 80, 140, 200, 260, 320, 380, 440, 500, 560]
feasible = [true, true, true, true, true, true, true, true, false, false]
