fallback_feasible = [true, true, true, true, true, false, true, true, false, true, true, true, true, true, true, false, true, true, true, true, true, true, true, true, true, true, true, true, true, true, false, true, true, true, true, true, true, true, true]
cost = [[126.0, 0.0, 714.0, 0.0], [225.0, 0.0, 1394.0, 0.0], [318.0, 1.0, 2001.0, 0.0], [452.0, 0.0, 2675.0, 0.0], [617.0, 1.0, 3486.0, 0.0], [791.0, 0.0, 4151.0, 0.0], [895.0, 0.0, 4788.0, 0.0], [979.0, 0.0, 5479.0, 0.0], [1098.0, 0.0, 6164.0, 0.0], [1242.0, 0.0, 6983.0, 0.0], [1385.0, 0.0, 7744.0, 0.0], [1521.0, 0.0, 8493.0, 0.0], [1649.0, 0.0, 9264.0, 0.0], [1781.0, 0.0, 9965.0, 0.0], [1924.0, 0.0, 10865.0, 0.0], [2056.0, 0.0, 11569.0, 0.0], [2162.0, 0.0, 12179.0, 0.0], [2285.0, 0.0, 12976.0, 0.0], [2420.0, 0.0, 13752.0, 0.0], [2505.0, 0.0, 14361.0, 0.0], [2640.0, 0.0, 15104.0, 0.0], [2737.0, 0.0, 15886.0, 0.0], [2865.0, 0.0, 16548.0, 0.0], [3005.0, 0.0, 17293.0, 0.0], [3169.0, 0.0, 17932.0, 0.0], [3269.0, 0.0, 18625.0, 0.0], [3398.0, 0.0, 19351.0, 0.0], [3516.0, 0.0, 20053.0, 0.0], [3622.0, 0.0, 20854.0, 0.0], [3727.0, 1.0, 21517.0, 0.0], [3809.0, 0.0, 22334.0, 0.0], [3953.0, 0.0, 23080.0, 0.0], [4056.0, 0.0, 23785.0, 0.0], [4153.0, 0.0, 24624.0, 0.0], [4283.0, 0.0, 25288.0, 0.0], [4414.0, 0.0, 26086.0, 0.0], [4507.0, 0.0, 26782.0, 0.0], [4604.0, 0.0, 27539.0, 0.0], [4744.0, 0.0, 28310.0, 0.0], [4856.0, 0.0, 28981.0, 0.0]]
time = [1.033363786, 1.348359347, 1.588479278, 1.469261053, 1.591739331, 1.658687334, 1.734534671, 1.541236677, 1.646525967, 1.817743461, 2.010547609, 1.857513815, 2.128749293, 2.091620124, 2.309503742, 2.086278371, 2.297536908, 2.216403936, 2.531584695, 2.327151708, 2.672148698, 2.557915489, 2.683074084, 2.749602825, 2.965615773, 2.741800154, 2.941608563, 3.038439255, 3.167833642, 3.032064877, 3.162014176, 3.495419582, 3.47711829, 3.392322668, 3.709194345, 3.826740306, 3.899357663, 3.880397333, 4.079177098, 4.066549672]
optimality_gap = [0, 0, 0, 0, 0, 0, 0, 0, 0, 0, 0, 0, 0, 0, 0, 0, 0, 0, 0, 0, 0, 0, 0, 0, 0, 0, 0, 0, 0, 0, 0, 0, 0, 0, 0, 0, 0, 0, 0, 0]
final_time = [126, 225, 318, 452, 617, 791, 895, 979, 1098, 1242, 1385, 1521, 1649, 1781, 1924, 2056, 2162, 2285, 2420, 2505, 2640, 2737, 2865, 3005, 3169, 3269, 3398, 3516, 3622, 3727, 3809, 3953, 4056, 4153, 4283, 4414, 4507, 4604, 4744, 4856]
makespans = [126, 125, 138, 192, 277, 371, 395, 399, 438, 502, 565, 621, 669, 721, 784, 836, 862, 905, 960, 965, 1020, 1037, 1085, 1145, 1229, 1249, 1298, 1336, 1362, 1387, 1389, 1453, 1476, 1493, 1543, 1594, 1607, 1624, 1684, 1716]
optimal = [true, true, true, true, true, true, true, true, true, true, true, true, true, true, true, true, true, true, true, true, true, true, true, true, true, true, true, true, true, true, true, true, true, true, true, true, true, true, true, true]
arrival_time = [0, 100, 180, 260, 340, 420, 500, 580, 660, 740, 820, 900, 980, 1060, 1140, 1220, 1300, 1380, 1460, 1540, 1620, 1700, 1780, 1860, 1940, 2020, 2100, 2180, 2260, 2340, 2420, 2500, 2580, 2660, 2740, 2820, 2900, 2980, 3060, 3140]
feasible = [true, true, true, true, true, true, true, true, true, true, true, true, true, true, true, true, true, true, true, true, true, true, true, true, true, true, true, true, true, true, true, true, true, true, true, true, true, true, true, true]
