fallback_feasible = [true, true, true, false]
cost = [[129.0, 0.0, 590.0, 0.0], [429.0, 0.0, 1671.0, 0.0], [704.0, 0.0, 2301.0, 0.0], [645.0, 0.0, 3048.0, 0.0], [-1, -1, -1, -1]]
time = [2.567856056, 5.621682815, 3.948238504, 8.551566212, 9.395796422]
optimality_gap = [35, 0, 0, 2, 10000]
final_time = [211, 218, 275, 476, -1]
makespans = [211, 128, 115, 246, -301]
optimal = [false, true, true, false, false]
arrival_time = [0, 90, 160, 230, 300]
feasible = [true, true, true, true, false]
