fallback_feasible = [true, true, true, true, true, true, false, true, true, true, true, true, true, true, true, true, true, true, true, true, true, true, true, true, true, true, true, true, true, true, true, true, true, true, false, false, false, false, false]
cost = [[101.0, 0.0, 501.0, 0.0], [265.0, 0.0, 994.0, 0.0], [403.0, 0.0, 1429.0, 0.0], [539.0, 0.0, 1915.0, 0.0], [656.0, 0.0, 2338.0, 0.0], [754.0, 0.0, 2804.0, 0.0], [924.0, 0.0, 3221.0, 0.0], [1157.0, 0.0, 3876.0, 0.0], [1726.0, 0.0, 4436.0, 0.0], [2396.0, 0.0, 4947.0, 0.0], [1970.0, 0.0, 5435.0, 0.0], [2165.0, 0.0, 5964.0, 0.0], [1613.0, 2.0, 6468.0, 0.0], [2527.0, 0.0, 7028.0, 0.0], [1947.0, 0.0, 7586.0, 0.0], [2938.0, 0.0, 8081.0, 0.0], [3045.0, 0.0, 8520.0, 0.0], [3160.0, 0.0, 8953.0, 0.0], [2301.0, 0.0, 9372.0, 0.0], [2442.0, 0.0, 9885.0, 0.0], [2530.0, 0.0, 10321.0, 0.0], [2659.0, 0.0, 10703.0, 0.0], [2805.0, 0.0, 11194.0, 0.0], [2902.0, 0.0, 11641.0, 0.0], [3029.0, 0.0, 12132.0, 0.0], [3126.0, 0.0, 12531.0, 0.0], [3229.0, 0.0, 12874.0, 0.0], [3369.0, 0.0, 13301.0, 0.0], [3484.0, 0.0, 13775.0, 0.0], [3604.0, 0.0, 14169.0, 0.0], [3744.0, 0.0, 14657.0, 0.0], [3880.0, 1.0, 15208.0, 0.0], [6104.0, 1.0, 16082.0, 0.0], [8232.0, 0.0, 16615.0, 0.0], [10659.0, 0.0, 17357.0, 0.0], [9041.0, 0.0, 18296.0, 0.0], [11884.0, 0.0, 19095.0, 0.0], [14476.0, 0.0, 19750.0, 0.0], [15598.0, 1.0, 20519.0, 0.0], [-1, -1, -1, -1]]
time = [0.913710108, 1.18669508, 1.067942629, 1.384048445, 1.413620076, 1.281345557, 3.006545259, 1.952337909, 1.907226774, 2.386382278, 1.056818107, 1.350675783, 1.318463424, 1.496870117, 1.325141349, 1.759836136, 1.395308964, 1.285535374, 1.416908338, 1.362395309, 1.484186526, 1.525011247, 1.614469199, 1.4403064, 1.499469758, 1.506657778, 1.394227986, 1.595605291, 1.635478159, 1.683988162, 1.709253579, 5.417226911, 3.356792815, 7.023163275, 7.451773781, 13.854535188, 7.543705889, 12.758233661, 9.229623679, 19.270700506]
optimality_gap = [0, 0, 0, 0, 0, 0, 75, 0, 0, 0, 0, 0, 0, 0, 0, 0, 0, 0, 0, 0, 0, 0, 0, 0, 0, 0, 0, 0, 0, 0, 0, 1, 0, 66, 96, 1, 0, 246, 0, 10000]
final_time = [101, 164, 239, 300, 356, 412, 610, 547, 569, 670, 690, 805, 808, 914, 1033, 991, 1021, 1106, 1195, 1247, 1283, 1376, 1429, 1473, 1556, 1570, 1659, 1710, 1774, 1830, 2090, 2621, 2081, 2655, 2671, 2637, 2229, 2636, 2378, -1]
makespans = [101, 84, 99, 100, 96, 92, 230, 107, 69, 110, 70, 125, 68, 114, 173, 71, 41, 66, 95, 87, 63, 96, 89, 73, 96, 50, 79, 70, 74, 70, 270, 741, 141, 655, 611, 517, 49, 396, 78, -2361]
optimal = [true, true, true, true, true, true, false, true, true, true, true, true, true, true, true, true, true, true, true, true, true, true, true, true, true, true, true, true, true, true, true, false, true, false, false, false, true, false, true, false]
arrival_time = [0, 80, 140, 200, 260, 320, 380, 440, 500, 560, 620, 680, 740, 800, 860, 920, 980, 1040, 1100, 1160, 1220, 1280, 1340, 1400, 1460, 1520, 1580, 1640, 1700, 1760, 1820, 1880, 1940, 2000, 2060, 2120, 2180, 2240, 2300, 2360]
feasible = [true, true, true, true, true, true, true, true, true, true, true, true, true, true, true, true, true, true, true, true, true, true, true, true, true, true, true, true, true, true, true, true, true, true, true, true, true, true, true, false]
