fallback_feasible = [true, true, true, true, true, true, true, true, true, true, true, true, true, true, true, true, true, true, true, true, true, true, true, true, true, true, true, true, true, true, true, true, true, true, true, true, true, true, true]
cost = [[83.0, 0.0, 257.0, 0.0], [218.0, 0.0, 519.0, 0.0], [356.0, 0.0, 779.0, 0.0], [482.0, 0.0, 1010.0, 0.0], [424.0, 0.0, 1276.0, 0.0], [678.0, 0.0, 1446.0, 0.0], [572.0, 0.0, 1706.0, 0.0], [711.0, 0.0, 2002.0, 0.0], [799.0, 0.0, 2224.0, 0.0], [1224.0, 0.0, 2437.0, 0.0], [1318.0, 0.0, 2712.0, 0.0], [987.0, 0.0, 2983.0, 0.0], [1539.0, 0.0, 3170.0, 0.0], [1165.0, 0.0, 3403.0, 0.0], [1308.0, 0.0, 3649.0, 0.0], [1992.0, 0.0, 3871.0, 0.0], [2131.0, 0.0, 4126.0, 0.0], [2886.0, 0.0, 4352.0, 0.0], [2360.0, 0.0, 4601.0, 0.0], [1681.0, 0.0, 4805.0, 0.0], [2576.0, 0.0, 5060.0, 0.0], [2689.0, 0.0, 5319.0, 0.0], [2793.0, 0.0, 5536.0, 0.0], [2917.0, 0.0, 5730.0, 0.0], [2069.0, 0.0, 5927.0, 0.0], [3176.0, 0.0, 6258.0, 0.0], [3280.0, 0.0, 6496.0, 0.0], [3439.0, 0.0, 6741.0, 0.0], [3519.0, 0.0, 7033.0, 0.0], [3665.0, 0.0, 7279.0, 0.0], [3737.0, 0.0, 7531.0, 0.0], [3845.0, 0.0, 7736.0, 0.0], [2680.0, 0.0, 7942.0, 0.0], [2784.0, 0.0, 8269.0, 0.0], [4212.0, 0.0, 8516.0, 0.0], [4396.0, 0.0, 8773.0, 0.0], [3031.0, 0.0, 8969.0, 0.0], [4567.0, 0.0, 9199.0, 0.0], [4662.0, 1.0, 9433.0, 0.0], [3213.0, 1.0, 9671.0, 0.0]]
time = [0.500526866, 0.863546357, 0.570096582, 0.666517081, 0.883537181, 0.643837387, 0.74680023, 0.972418234, 1.22807336, 1.065670225, 1.001153727, 1.058020205, 1.043517751, 1.005524626, 1.218352497, 1.354530198, 1.292452913, 1.147227522, 1.296674279, 1.341376715, 0.979928234, 0.994373987, 1.234176404, 1.244099385, 1.390223297, 1.394169689, 1.098889629, 1.579904378, 1.222473994, 1.271379216, 1.226272545, 1.061466354, 1.160206687, 1.239938355, 1.181391997, 1.339518356, 1.377403025, 1.212198299, 1.379880842, 1.219058116]
optimality_gap = [0, 0, 0, 0, 0, 0, 0, 0, 0, 0, 0, 0, 0, 0, 0, 0, 0, 0, 0, 0, 0, 0, 0, 0, 0, 0, 0, 0, 0, 0, 0, 0, 0, 0, 0, 0, 0, 0, 0, 0]
final_time = [83, 135, 138, 209, 215, 254, 318, 393, 406, 425, 487, 500, 552, 613, 695, 684, 752, 755, 853, 828, 895, 941, 957, 1019, 1050, 1107, 1123, 1209, 1187, 1269, 1259, 1317, 1363, 1421, 1428, 1547, 1484, 1536, 1579, 1634]
makespans = [83, 75, 38, 69, 35, 34, 58, 93, 66, 45, 67, 40, 52, 73, 115, 64, 92, 55, 113, 48, 75, 81, 57, 79, 70, 87, 63, 109, 47, 89, 39, 57, 63, 81, 48, 127, 24, 36, 39, 54]
optimal = [true, true, true, true, true, true, true, true, true, true, true, true, true, true, true, true, true, true, true, true, true, true, true, true, true, true, true, true, true, true, true, true, true, true, true, true, true, true, true, true]
arrival_time = [0, 60, 100, 140, 180, 220, 260, 300, 340, 380, 420, 460, 500, 540, 580, 620, 660, 700, 740, 780, 820, 860, 900, 940, 980, 1020, 1060, 1100, 1140, 1180, 1220, 1260, 1300, 1340, 1380, 1420, 1460, 1500, 1540, 1580]
feasible = [true, true, true, true, true, true, true, true, true, true, true, true, true, true, true, true, true, true, true, true, true, true, true, true, true, true, true, true, true, true, true, true, true, true, true, true, true, true, true, true]
