fallback_feasible = [true, false, true, true, true, true, true, true, true, true, true, true, true, true, true, true, true, true, true, false, false, false, true, true, true, true, true, false, false, true, true, true, true, true, true, true, false, true, true]
cost = [[129.0, 0.0, 707.0, 0.0], [300.0, 0.0, 1548.0, 0.0], [426.0, 2.0, 2222.0, 0.0], [568.0, 0.0, 2984.0, 0.0], [708.0, 0.0, 3760.0, 0.0], [870.0, 0.0, 4457.0, 0.0], [1009.0, 0.0, 5294.0, 0.0], [1155.0, 0.0, 5972.0, 0.0], [1315.0, 0.0, 6869.0, 0.0], [1423.0, 0.0, 7556.0, 0.0], [1525.0, 0.0, 8238.0, 0.0], [1632.0, 0.0, 8858.0, 0.0], [1743.0, 0.0, 9621.0, 0.0], [1840.0, 1.0, 10300.0, 0.0], [1966.0, 3.0, 10965.0, 0.0], [2116.0, 0.0, 11797.0, 0.0], [2262.0, 0.0, 12452.0, 0.0], [2373.0, 0.0, 13187.0, 0.0], [2487.0, 0.0, 13859.0, 0.0], [2601.0, 0.0, 14568.0, 0.0], [2686.0, 0.0, 15306.0, 0.0], [2810.0, 0.0, 15919.0, 0.0], [2947.0, 1.0, 16660.0, 0.0], [3082.0, 0.0, 17423.0, 0.0], [3226.0, 0.0, 18132.0, 0.0], [3348.0, 0.0, 18826.0, 0.0], [3489.0, 0.0, 19522.0, 0.0], [3606.0, 0.0, 20190.0, 0.0], [3721.0, 0.0, 20938.0, 0.0], [3844.0, 0.0, 21673.0, 0.0], [4003.0, 0.0, 22372.0, 0.0], [4224.0, 0.0, 22987.0, 0.0], [4368.0, 0.0, 23590.0, 0.0], [4483.0, 0.0, 24321.0, 0.0], [4649.0, 0.0, 25123.0, 0.0], [4820.0, 0.0, 25935.0, 0.0], [4957.0, 0.0, 26549.0, 0.0], [5071.0, 0.0, 27161.0, 0.0], [5195.0, 0.0, 27852.0, 0.0], [5312.0, 0.0, 28493.0, 0.0]]
time = [1.087611618, 1.552140024, 1.393905975, 1.57357536, 1.516612144, 1.628583514, 2.018119347, 1.931399292, 1.82032451, 1.954943275, 1.799522819, 1.849749282, 1.968476705, 2.2596271, 2.258023593, 2.408716454, 2.352341647, 2.219624507, 2.528150838, 2.612920581, 2.648919918, 2.540814239, 2.862442248, 2.801685083, 2.942589745, 2.910158709, 3.020890444, 3.060698688, 3.229780578, 3.445447037, 6.393459554, 3.616541024, 3.785333599, 4.043803621, 4.121517272, 4.176426905, 4.138055111, 4.337874704, 4.271876644, 4.452031111]
optimality_gap = [0, 0, 0, 0, 0, 0, 0, 0, 0, 0, 0, 0, 0, 0, 0, 0, 0, 0, 0, 0, 0, 0, 0, 0, 0, 0, 0, 0, 0, 0, 42, 0, 0, 0, 0, 0, 0, 0, 0, 0]
final_time = [129, 300, 426, 568, 708, 870, 1009, 1155, 1315, 1423, 1525, 1632, 1743, 1840, 1966, 2116, 2262, 2373, 2487, 2601, 2686, 2810, 2947, 3082, 3226, 3348, 3489, 3606, 3721, 3844, 4116, 4224, 4368, 4483, 4649, 4820, 4957, 5071, 5195, 5312]
makespans = [129, 200, 246, 308, 368, 450, 509, 575, 655, 683, 705, 732, 763, 780, 826, 896, 962, 993, 1027, 1061, 1066, 1110, 1167, 1222, 1286, 1328, 1389, 1426, 1461, 1504, 1696, 1724, 1788, 1823, 1909, 2000, 2057, 2091, 2135, 2172]
optimal = [true, true, true, true, true, true, true, true, true, true, true, true, true, true, true, true, true, true, true, true, true, true, true, true, true, true, true, true, true, true, false, true, true, true, true, true, true, true, true, true]
arrival_time = [0, 100, 180, 260, 340, 420, 500, 580, 660, 740, 820, 900, 980, 1060, 1140, 1220, 1300, 1380, 1460, 1540, 1620, 1700, 1780, 1860, 1940, 2020, 2100, 2180, 2260, 2340, 2420, 2500, 2580, 2660, 2740, 2820, 2900, 2980, 3060, 3140]
feasible = [true, true, true, true, true, true, true, true, true, true, true, true, true, true, true, true, true, true, true, true, true, true, true, true, true, true, true, true, true, true, true, true, true, true, true, true, true, true, true, true]
