fallback_feasible = [true, true, true, false, false, false, true, false, false, true, true, true, true, false, true, true, true, true, true, true, true, true, true, true, true, true, true, true, true, true, true, true, true, true, true, true, true, true, false]
cost = [[105.0, 0.0, 241.0, 0.0], [307.0, 0.0, 507.0, 0.0], [546.0, 0.0, 801.0, 0.0], [750.0, 0.0, 1064.0, 0.0], [1065.0, 0.0, 1317.0, 0.0], [1187.0, 0.0, 1576.0, 0.0], [1618.0, 0.0, 1901.0, 0.0], [1486.0, 0.0, 2148.0, 0.0], [1283.0, 0.0, 2444.0, 0.0], [1777.0, 0.0, 2800.0, 0.0], [2312.0, 2.0, 3158.0, 0.0], [1602.0, 0.0, 3411.0, 0.0], [2183.0, 0.0, 3734.0, 0.0], [2365.0, 0.0, 4072.0, 0.0], [2484.0, 0.0, 4339.0, 0.0], [2072.0, 0.0, 4588.0, 0.0], [2823.0, 0.0, 4855.0, 0.0], [2309.0, 1.0, 5142.0, 0.0], [3162.0, 2.0, 5418.0, 0.0], [2548.0, 0.0, 5679.0, 0.0], [3444.0, 0.0, 5933.0, 0.0], [3569.0, 0.0, 6267.0, 0.0], [2794.0, 0.0, 6504.0, 0.0], [2934.0, 0.0, 6804.0, 0.0], [3042.0, 0.0, 7028.0, 0.0], [2162.0, 0.0, 7306.0, 0.0], [3298.0, 0.0, 7607.0, 0.0], [3432.0, 0.0, 7966.0, 0.0], [3562.0, 0.0, 8230.0, 0.0], [3690.0, 0.0, 8476.0, 0.0], [3787.0, 0.0, 8714.0, 0.0], [3884.0, 0.0, 9003.0, 0.0], [2712.0, 1.0, 9308.0, 0.0], [4141.0, 0.0, 9588.0, 0.0], [4260.0, 0.0, 9834.0, 0.0], [4383.0, 0.0, 10092.0, 0.0], [4580.0, 0.0, 10493.0, 0.0], [4785.0, 0.0, 10740.0, 0.0], [6409.0, 0.0, 10972.0, 0.0], [6561.0, 0.0, 11255.0, 0.0]]
time = [0.533692595, 0.662030991, 2.834592852, 1.567622742, 1.43127052, 1.730511027, 1.764698737, 1.742034697, 1.84465582, 1.929387692, 1.918726565, 1.96260006, 1.845632395, 1.739079999, 1.981347233, 2.015061851, 2.092283289, 1.909694922, 2.149022468, 2.38711411, 2.202348061, 2.170311825, 9.97804897, 1.998367822, 2.012871708, 1.708212275, 1.873739192, 1.645779201, 1.662966726, 1.81695022, 1.9119272, 1.834401691, 1.88873856, 1.887428159, 1.836110833, 5.802678017, 3.684059072, 2.456255599, 3.096617865, 3.115924077]
optimality_gap = [0, 0, 36, 0, 0, 0, 0, 0, 0, 0, 0, 0, 0, 0, 0, 0, 0, 0, 0, 0, 0, 0, 2, 0, 0, 0, 0, 0, 0, 0, 0, 0, 0, 0, 0, 1, 4, 0, 0, 0]
final_time = [105, 202, 290, 258, 315, 324, 431, 416, 436, 494, 535, 573, 581, 676, 654, 742, 751, 816, 853, 879, 896, 943, 992, 999, 1051, 1111, 1136, 1185, 1241, 1264, 1282, 1338, 1374, 1430, 1457, 1548, 1653, 1584, 1624, 1700]
makespans = [105, 142, 190, 118, 135, 104, 171, 116, 96, 114, 115, 113, 81, 136, 74, 122, 91, 116, 113, 99, 76, 83, 92, 59, 71, 91, 76, 85, 101, 84, 62, 78, 74, 90, 77, 128, 193, 84, 84, 120]
optimal = [true, true, false, true, true, true, true, true, true, true, true, true, true, true, true, true, true, true, true, true, true, true, false, true, true, true, true, true, true, true, true, true, true, true, true, false, false, true, true, true]
arrival_time = [0, 60, 100, 140, 180, 220, 260, 300, 340, 380, 420, 460, 500, 540, 580, 620, 660, 700, 740, 780, 820, 860, 900, 940, 980, 1020, 1060, 1100, 1140, 1180, 1220, 1260, 1300, 1340, 1380, 1420, 1460, 1500, 1540, 1580]
feasible = [true, true, true, true, true, true, true, true, true, true, true, true, true, true, true, true, true, true, true, true, true, true, true, true, true, true, true, true, true, true, true, true, true, true, true, true, true, true, true, true]
