fallback_feasible = [true, true, true, true, true, true, true, true, true, false, true, true, true, true, true, true, true, true, true, true, true, true, true, false, true, true, true, true, true, true, true, true, true, true, true, true, true, true, true]
cost = [[95.0, 0.0, 204.0, 0.0], [199.0, 0.0, 481.0, 0.0], [346.0, 0.0, 815.0, 0.0], [771.0, 0.0, 1247.0, 0.0], [974.0, 1.0, 1515.0, 0.0], [1224.0, 1.0, 1805.0, 0.0], [1324.0, 0.0, 2034.0, 0.0], [1525.0, 0.0, 2447.0, 0.0], [1828.0, 0.0, 2760.0, 0.0], [2613.0, 0.0, 3291.0, 0.0], [2710.0, 1.0, 3570.0, 0.0], [3137.0, 2.0, 3824.0, 0.0], [3208.0, 0.0, 4079.0, 0.0], [2748.0, 0.0, 4459.0, 0.0], [2825.0, 1.0, 4772.0, 0.0], [2477.0, 0.0, 5062.0, 0.0], [3043.0, 0.0, 5327.0, 0.0], [1688.0, 0.0, 5540.0, 0.0], [1789.0, 0.0, 5788.0, 0.0], [1831.0, 0.0, 5966.0, 0.0], [1984.0, 0.0, 6301.0, 0.0], [2119.0, 0.0, 6580.0, 0.0], [2221.0, 0.0, 6798.0, 0.0], [3195.0, 0.0, 7161.0, 0.0], [4002.0, 0.0, 7463.0, 0.0], [4842.0, 1.0, 7717.0, 0.0], [4946.0, 0.0, 7896.0, 0.0], [5293.0, 0.0, 8310.0, 0.0], [5401.0, 1.0, 8588.0, 0.0], [6399.0, 0.0, 8874.0, 0.0], [4743.0, 0.0, 9185.0, 0.0], [3006.0, 2.0, 9449.0, 0.0], [4084.0, 0.0, 9731.0, 0.0], [5166.0, 0.0, 9977.0, 0.0], [3265.0, 0.0, 10196.0, 0.0], [4385.0, 0.0, 10413.0, 0.0], [4494.0, 0.0, 10654.0, 0.0], [3515.0, 0.0, 10933.0, 0.0], [3795.0, 0.0, 11397.0, 0.0], [5050.0, 2.0, 11639.0, 0.0]]
time = [0.666361971, 0.694284951, 4.256484126, 1.958354397, 1.649717859, 1.55581955, 11.573562543, 1.69494108, 21.417338203, 2.37642665, 2.460637187, 2.408660866, 5.616599028, 1.715814451, 1.666936368, 1.288279904, 1.020154153, 1.33803792, 1.245289805, 1.045935781, 1.146984246, 1.29007451, 6.995619723, 1.99352921, 1.881514983, 2.051056889, 4.993164855, 1.739549785, 1.942709383, 3.104000815, 1.194030742, 1.25935431, 1.281140375, 0.935412563, 1.284839588, 1.305042769, 1.053631443, 4.831216791, 2.133980567, 2.140239621]
optimality_gap = [0, 0, 2, 0, 0, 0, 1, 0, 1, 0, 0, 0, 2, 0, 0, 0, 0, 0, 0, 0, 0, 0, 3, 0, 0, 0, 2, 0, 0, 0, 0, 0, 0, 0, 0, 0, 0, 1, 0, 0]
final_time = [165, 181, 358, 275, 203, 408, 482, 370, 378, 447, 372, 487, 484, 440, 485, 539, 566, 583, 640, 608, 810, 883, 885, 757, 813, 896, 913, 903, 921, 998, 1008, 1000, 1078, 1082, 1105, 1120, 1261, 1283, 1251, 1255]
makespans = [165, 131, 278, 165, 63, 238, 282, 140, 118, 157, 52, 137, 104, 30, 45, 69, 66, 53, 80, 18, 190, 233, 205, 47, 73, 126, 113, 73, 61, 108, 88, 50, 98, 72, 65, 50, 161, 153, 91, 65]
optimal = [true, true, false, true, true, true, false, true, false, true, true, true, false, true, true, true, true, true, true, true, true, true, false, true, true, true, false, true, true, true, true, true, true, true, true, true, true, false, true, true]
arrival_time = [0, 50, 80, 110, 140, 170, 200, 230, 260, 290, 320, 350, 380, 410, 440, 470, 500, 530, 560, 590, 620, 650, 680, 710, 740, 770, 800, 830, 860, 890, 920, 950, 980, 1010, 1040, 1070, 1100, 1130, 1160, 1190]
feasible = [true, true, true, true, true, true, true, true, true, true, true, true, true, true, true, true, true, true, true, true, true, true, true, true, true, true, true, true, true, true, true, true, true, true, true, true, true, true, true, true]
