fallback_feasible = [true, true, false]
cost = [[117.0, 0.0, 757.0, 0.0], [324.0, 0.0, 1690.0, 0.0], [561.0, 1.0, 2597.0, 0.0], [-1, -1, -1, -1]]
time = [1.016154139, 15.300880356, 10.220629705, 10.366409004]
optimality_gap = [0, 16, 30, 10000]
final_time = [117, 288, 389, -1]
makespans = [117, 208, 249, -201]
optimal = [true, false, false, false]
arrival_time = [0, 80, 140, 200]
feasible = [true, true, true, false]
