fallback_feasible = [true, true, true, false]
cost = [[106.0, 0.0, 699.0, 0.0], [325.0, 0.0, 1476.0, 0.0], [550.0, 1.0, 2330.0, 0.0], [-1, -1, -1, -1], [-1, -1, -1, -1]]
time = [1.018769061, 1.727847849, 15.525737334, 16.050668325, 17.243723052]
optimality_gap = [0, 0, 9, 10000, 10000]
final_time = [106, 219, 455, 620, -1]
makespans = [106, 119, 275, 360, -341]
optimal = [true, true, false, false, false]
arrival_time = [0, 100, 180, 260, 340]
feasible = [true, true, true, false, false]
