fallback_feasible = [true, true, true, true, true, true, false, true, true, true, true, true, false, true, false]
cost = [[97.0, 0.0, 462.0, 0.0], [305.0, 0.0, 1071.0, 0.0], [459.0, 0.0, 1604.0, 0.0], [777.0, 0.0, 2099.0, 0.0], [981.0, 0.0, 2689.0, 0.0], [1172.0, 2.0, 3224.0, 0.0], [1358.0, 0.0, 3816.0, 0.0], [1469.0, 1.0, 4348.0, 0.0], [1649.0, 1.0, 4960.0, 0.0], [1294.0, 2.0, 5450.0, 0.0], [1999.0, 0.0, 5958.0, 0.0], [2187.0, 0.0, 6601.0, 0.0], [1698.0, 0.0, 7208.0, 0.0], [2783.0, 0.0, 7800.0, 0.0], [-1, -1, -1, -1], [-1, -1, -1, -1]]
time = [0.901848641, 1.214183405, 1.686238921, 2.433025062, 1.595651401, 14.533148252, 3.607634733, 2.429520764, 1.519424668, 4.003357434, 2.413367889, 2.208681572, 15.641504395, 16.605538322, 9.766323641, 9.97312287]
optimality_gap = [0, 0, 0, 0, 0, 0, 0, 0, 0, 0, 0, 0, 23, 12, 10000, 10000]
final_time = [97, 208, 251, 318, 412, 443, 504, 522, 623, 671, 705, 811, 1013, 1069, 1173, -1]
makespans = [97, 128, 111, 118, 152, 123, 124, 82, 123, 111, 85, 131, 273, 269, 313, -921]
optimal = [true, true, true, true, true, true, true, true, true, true, true, true, false, false, false, false]
arrival_time = [0, 80, 140, 200, 260, 320, 380, 440, 500, 560, 620, 680, 740, 800, 860, 920]
feasible = [true, true, true, true, true, true, true, true, true, true, true, true, true, true, false, false]
