fallback_feasible = [true, true, true, true, true, true, true, true, true, true, true, true, true, true, true, true, true, true, true, true, true, true, true, true, true, true, false, false]
cost = [[82.0, 0.0, 236.0, 0.0], [176.0, 1.0, 460.0, 0.0], [311.0, 1.0, 701.0, 0.0], [434.0, 1.0, 885.0, 0.0], [539.0, 0.0, 1158.0, 0.0], [610.0, 0.0, 1351.0, 0.0], [687.0, 0.0, 1585.0, 0.0], [778.0, 0.0, 1775.0, 0.0], [862.0, 0.0, 1957.0, 0.0], [918.0, 1.0, 2145.0, 0.0], [1014.0, 0.0, 2410.0, 0.0], [1101.0, 0.0, 2634.0, 0.0], [921.0, 0.0, 2860.0, 0.0], [1264.0, 0.0, 3096.0, 0.0], [1634.0, 1.0, 3292.0, 0.0], [1715.0, 0.0, 3456.0, 0.0], [1470.0, 0.0, 3700.0, 0.0], [1554.0, 0.0, 3944.0, 0.0], [1648.0, 1.0, 4284.0, 0.0], [1409.0, 0.0, 4512.0, 0.0], [1899.0, 0.0, 4811.0, 0.0], [1995.0, 0.0, 5052.0, 0.0], [2530.0, 0.0, 5305.0, 0.0], [-1, -1, -1, -1], [-1, -1, -1, -1], [3472.0, 0.0, 5973.0, 0.0], [3072.0, 1.0, 6150.0, 0.0], [3164.0, 0.0, 6455.0, 0.0], [-1, -1, -1, -1]]
time = [0.45533108, 0.633899035, 0.707120984, 1.023135365, 1.005476144, 0.940575192, 1.19134459, 1.262464754, 0.86932092, 1.137307689, 0.819136807, 1.032985801, 1.101293818, 1.256742951, 1.197184415, 1.202812866, 1.046964251, 1.196686201, 1.228652041, 1.234624301, 1.464844198, 2.193533193, 1.457781081, 9.251652164, 9.509105857, 1.985416792, 2.249805945, 2.228334795, 9.431776462]
optimality_gap = [0, 0, 0, 0, 0, 0, 0, 0, 0, 0, 0, 0, 0, 0, 0, 0, 0, 0, 0, 0, 0, 0, 0, 10000, 10000, 0, 0, 0, 10000]
final_time = [82, 94, 135, 123, 187, 165, 200, 226, 249, 243, 296, 313, 312, 343, 370, 377, 380, 427, 464, 518, 490, 523, 536, 635, 680, 580, 641, 628, -1]
makespans = [82, 54, 75, 43, 87, 45, 60, 66, 69, 43, 76, 73, 52, 63, 70, 57, 40, 67, 84, 118, 70, 83, 76, 155, 180, 60, 101, 68, -581]
optimal = [true, true, true, true, true, true, true, true, true, true, true, true, true, true, true, true, true, true, true, true, true, true, true, false, false, true, true, true, false]
arrival_time = [0, 40, 60, 80, 100, 120, 140, 160, 180, 200, 220, 240, 260, 280, 300, 320, 340, 360, 380, 400, 420, 440, 460, 480, 500, 520, 540, 560, 580]
feasible = [true, true, true, true, true, true, true, true, true, true, true, true, true, true, true, true, true, true, true, true, true, true, true, false, false, true, true, true, false]
