fallback_feasible = [true, true, true, true, true, false]
cost = [[126.0, 0.0, 714.0, 0.0], [339.0, 0.0, 1603.0, 0.0], [504.0, 0.0, 2506.0, 0.0], [762.0, 2.0, 3653.0, 0.0], [-1, -1, -1, -1], [-1, -1, -1, -1], [-1, -1, -1, -1]]
time = [1.094252244, 2.763043294, 15.488968241, 11.40700097, 14.260643713, 10.254047859, 17.925682052]
optimality_gap = [0, 0, 11, 4, 10000, 10000, 10000]
final_time = [126, 213, 353, 525, 677, 896, -1]
makespans = [126, 113, 173, 265, 337, 476, -501]
optimal = [true, true, false, false, false, false, false]
arrival_time = [0, 100, 180, 260, 340, 420, 500]
feasible = [true, true, true, true, false, false, false]
