fallback_feasible = [true, true, true, true, true, true, true, true, true, true, false, true, true, true, false, false, true, false, false, true, true, true, true, true, true, true, true, true, true, true, true, true, true, true, true, true, true, true, true]
cost = [[80.0, 0.0, 443.0, 0.0], [204.0, 0.0, 935.0, 0.0], [312.0, 0.0, 1426.0, 0.0], [426.0, 0.0, 1916.0, 0.0], [557.0, 0.0, 2372.0, 0.0], [670.0, 0.0, 2824.0, 0.0], [774.0, 0.0, 3391.0, 0.0], [929.0, 0.0, 3852.0, 0.0], [1005.0, 0.0, 4267.0, 0.0], [1086.0, 0.0, 4673.0, 0.0], [1165.0, 0.0, 5054.0, 0.0], [1239.0, 0.0, 5467.0, 0.0], [1366.0, 0.0, 5937.0, 0.0], [1470.0, 0.0, 6433.0, 0.0], [1570.0, 0.0, 6862.0, 0.0], [1656.0, 0.0, 7283.0, 0.0], [1861.0, 0.0, 7745.0, 0.0], [1952.0, 0.0, 8161.0, 0.0], [2099.0, 0.0, 8634.0, 0.0], [2219.0, 0.0, 9052.0, 0.0], [2317.0, 0.0, 9527.0, 0.0], [2450.0, 0.0, 10031.0, 0.0], [2541.0, 0.0, 10435.0, 0.0], [2647.0, 0.0, 10882.0, 0.0], [2761.0, 0.0, 11440.0, 0.0], [2856.0, 0.0, 11967.0, 0.0], [2977.0, 0.0, 12529.0, 0.0], [3078.0, 0.0, 13019.0, 0.0], [3167.0, 0.0, 13589.0, 0.0], [3272.0, 0.0, 14073.0, 0.0], [3458.0, 0.0, 14514.0, 0.0], [3558.0, 0.0, 14854.0, 0.0], [3664.0, 0.0, 15349.0, 0.0], [3831.0, 0.0, 15792.0, 0.0], [3931.0, 0.0, 16202.0, 0.0], [4040.0, 0.0, 16690.0, 0.0], [4141.0, 0.0, 17156.0, 0.0], [4335.0, 0.0, 17671.0, 0.0], [4419.0, 0.0, 18081.0, 0.0], [4542.0, 0.0, 18520.0, 0.0]]
time = [0.682261895, 1.043785096, 0.816043971, 0.849613689, 0.939903176, 1.174944805, 1.240469321, 1.26959197, 0.922451133, 1.250470485, 1.247469679, 1.303163594, 1.378220625, 1.363944639, 1.609726387, 6.561164321, 1.498736178, 1.480609715, 1.64787377, 1.661550689, 1.633797346, 1.743624362, 1.789666712, 1.749424524, 1.867975489, 2.093664336, 1.989045406, 2.062423523, 2.268238847, 2.080120062, 2.520676792, 2.18387506, 2.489226458, 2.399170544, 2.395402685, 2.649598024, 7.03343519, 2.815140674, 2.933898605, 3.05608386]
optimality_gap = [0, 0, 0, 0, 0, 0, 0, 0, 0, 0, 0, 0, 0, 0, 0, 2, 0, 0, 0, 0, 0, 0, 0, 0, 0, 0, 0, 0, 0, 0, 0, 0, 0, 0, 0, 0, 1, 0, 0, 0]
final_time = [80, 204, 312, 426, 557, 670, 774, 929, 1005, 1086, 1165, 1239, 1366, 1470, 1570, 1732, 1861, 1952, 2099, 2219, 2317, 2450, 2541, 2647, 2761, 2856, 2977, 3078, 3167, 3272, 3458, 3558, 3664, 3831, 3931, 4040, 4229, 4335, 4419, 4542]
makespans = [80, 124, 172, 226, 297, 350, 394, 489, 505, 526, 545, 559, 626, 670, 710, 812, 881, 912, 999, 1059, 1097, 1170, 1201, 1247, 1301, 1336, 1397, 1438, 1467, 1512, 1638, 1678, 1724, 1831, 1871, 1920, 2049, 2095, 2119, 2182]
optimal = [true, true, true, true, true, true, true, true, true, true, true, true, true, true, true, false, true, true, true, true, true, true, true, true, true, true, true, true, true, true, true, true, true, true, true, true, false, true, true, true]
arrival_time = [0, 80, 140, 200, 260, 320, 380, 440, 500, 560, 620, 680, 740, 800, 860, 920, 980, 1040, 1100, 1160, 1220, 1280, 1340, 1400, 1460, 1520, 1580, 1640, 1700, 1760, 1820, 1880, 1940, 2000, 2060, 2120, 2180, 2240, 2300, 2360]
feasible = [true, true, true, true, true, true, true, true, true, true, true, true, true, true, true, true, true, true, true, true, true, true, true, true, true, true, true, true, true, true, true, true, true, true, true, true, true, true, true, true]
