fallback_feasible = [true, true, false, false, true, true, true, true, true, true, true, true, true, true, true, true, true, true, true, true, true, true, true, true, true, true, true, true, true, true, true, true, true, true, true, true, true, true, true]
cost = [[146.0, 0.0, 495.0, 0.0], [273.0, 0.0, 935.0, 0.0], [379.0, 0.0, 1460.0, 0.0], [443.0, 0.0, 1851.0, 0.0], [569.0, 0.0, 2349.0, 0.0], [693.0, 0.0, 2791.0, 0.0], [822.0, 0.0, 3316.0, 0.0], [901.0, 0.0, 3682.0, 0.0], [1016.0, 0.0, 4206.0, 0.0], [1107.0, 0.0, 4671.0, 0.0], [1263.0, 0.0, 5134.0, 0.0], [1370.0, 0.0, 5557.0, 0.0], [1429.0, 0.0, 5986.0, 0.0], [1537.0, 0.0, 6429.0, 0.0], [1666.0, 0.0, 6956.0, 0.0], [1768.0, 0.0, 7443.0, 0.0], [1864.0, 0.0, 8001.0, 0.0], [1970.0, 0.0, 8458.0, 0.0], [2148.0, 0.0, 9004.0, 0.0], [2222.0, 0.0, 9471.0, 0.0], [2329.0, 0.0, 9870.0, 0.0], [2456.0, 0.0, 10306.0, 0.0], [2591.0, 0.0, 10705.0, 0.0], [2687.0, 0.0, 11237.0, 0.0], [2794.0, 0.0, 11791.0, 0.0], [2863.0, 0.0, 12221.0, 0.0], [2983.0, 0.0, 12740.0, 0.0], [3080.0, 0.0, 13095.0, 0.0], [3166.0, 0.0, 13520.0, 0.0], [3322.0, 0.0, 13967.0, 0.0], [3400.0, 0.0, 14362.0, 0.0], [3516.0, 0.0, 14876.0, 0.0], [3608.0, 0.0, 15257.0, 0.0], [3697.0, 0.0, 15805.0, 0.0], [3795.0, 0.0, 16211.0, 0.0], [3907.0, 0.0, 16651.0, 0.0], [3985.0, 0.0, 17082.0, 0.0], [4125.0, 0.0, 17538.0, 0.0], [4226.0, 0.0, 18014.0, 0.0], [4354.0, 0.0, 18423.0, 0.0]]
time = [0.755354057, 1.168819258, 0.829135214, 0.789471125, 0.943701212, 1.028756299, 1.240128182, 1.158953343, 1.233666655, 1.283927666, 1.16464379, 1.124419137, 1.244258931, 1.558602066, 1.415534823, 1.469568691, 1.603050068, 5.953248629, 1.848049206, 1.699297692, 1.880404621, 1.740000443, 1.86683749, 2.025819434, 2.05183718, 1.922437696, 1.968786866, 2.226274794, 2.099331967, 2.431713615, 2.184053208, 2.442036185, 2.251115514, 2.309129658, 2.55875171, 2.672335814, 2.396775367, 2.565035837, 2.980865394, 3.03178801]
optimality_gap = [0, 0, 0, 0, 0, 0, 0, 0, 0, 0, 0, 0, 0, 0, 0, 0, 0, 1, 0, 0, 0, 0, 0, 0, 0, 0, 0, 0, 0, 0, 0, 0, 0, 0, 0, 0, 0, 0, 0, 0]
final_time = [146, 273, 379, 443, 569, 693, 822, 901, 1016, 1107, 1263, 1370, 1429, 1537, 1666, 1768, 1864, 2052, 2148, 2222, 2329, 2456, 2591, 2687, 2794, 2863, 2983, 3080, 3166, 3322, 3400, 3516, 3608, 3697, 3795, 3907, 3985, 4125, 4226, 4354]
makespans = [146, 203, 259, 273, 349, 423, 502, 531, 596, 637, 743, 800, 809, 867, 946, 998, 1044, 1182, 1228, 1252, 1309, 1386, 1471, 1517, 1574, 1593, 1663, 1710, 1746, 1852, 1880, 1946, 1988, 2027, 2075, 2137, 2165, 2255, 2306, 2384]
optimal = [true, true, true, true, true, true, true, true, true, true, true, true, true, true, true, true, true, false, true, true, true, true, true, true, true, true, true, true, true, true, true, true, true, true, true, true, true, true, true, true]
arrival_time = [0, 70, 120, 170, 220, 270, 320, 370, 420, 470, 520, 570, 620, 670, 720, 770, 820, 870, 920, 970, 1020, 1070, 1120, 1170, 1220, 1270, 1320, 1370, 1420, 1470, 1520, 1570, 1620, 1670, 1720, 1770, 1820, 1870, 1920, 1970]
feasible = [true, true, true, true, true, true, true, true, true, true, true, true, true, true, true, true, true, true, true, true, true, true, true, true, true, true, true, true, true, true, true, true, true, true, true, true, true, true, true, true]
