fallback_feasible = [true, true, true, true, false]
cost = [[108.0, 0.0, 499.0, 0.0], [307.0, 0.0, 1143.0, 0.0], [450.0, 0.0, 1668.0, 0.0], [742.0, 0.0, 2207.0, 0.0], [979.0, 0.0, 2871.0, 0.0], [-1, -1, -1, -1]]
time = [0.70237906, 2.121595497, 1.358655339, 10.318140708, 3.246826337, 15.736473758]
optimality_gap = [0, 0, 0, 3, 28, 10000]
final_time = [108, 199, 253, 335, 470, -1]
makespans = [108, 119, 113, 135, 210, -321]
optimal = [true, true, true, false, false, false]
arrival_time = [0, 80, 140, 200, 260, 320]
feasible = [true, true, true, true, true, false]
