fallback_feasible = [true, true, true, true, false, true, true, true, false, true, true, true, true, true, true, true, true, true, true, true, true, true, true, true, true, true, true, true, true, true, true, true, true, true, true, true, true, true, true]
cost = [[95.0, 0.0, 204.0, 0.0], [169.0, 0.0, 434.0, 0.0], [253.0, 0.0, 699.0, 0.0], [367.0, 0.0, 928.0, 0.0], [450.0, 0.0, 1174.0, 0.0], [546.0, 0.0, 1449.0, 0.0], [633.0, 0.0, 1667.0, 0.0], [703.0, 0.0, 1873.0, 0.0], [765.0, 0.0, 2059.0, 0.0], [892.0, 0.0, 2366.0, 0.0], [965.0, 0.0, 2599.0, 0.0], [1060.0, 0.0, 2885.0, 0.0], [1128.0, 0.0, 3092.0, 0.0], [1180.0, 0.0, 3319.0, 0.0], [1243.0, 0.0, 3558.0, 0.0], [1332.0, 0.0, 3802.0, 0.0], [1416.0, 0.0, 4017.0, 0.0], [1488.0, 0.0, 4255.0, 0.0], [1590.0, 0.0, 4479.0, 0.0], [1628.0, 0.0, 4614.0, 0.0], [1763.0, 0.0, 4924.0, 0.0], [1874.0, 0.0, 5156.0, 0.0], [1953.0, 0.0, 5341.0, 0.0], [2025.0, 0.0, 5578.0, 0.0], [2114.0, 0.0, 5799.0, 0.0], [2204.0, 0.0, 5993.0, 0.0], [2286.0, 0.0, 6260.0, 0.0], [2377.0, 0.0, 6467.0, 0.0], [2458.0, 0.0, 6663.0, 0.0], [2587.0, 0.0, 6900.0, 0.0], [2695.0, 0.0, 7175.0, 0.0], [2769.0, 0.0, 7436.0, 0.0], [2889.0, 0.0, 7697.0, 0.0], [2981.0, 0.0, 7909.0, 0.0], [3065.0, 0.0, 8124.0, 0.0], [3134.0, 0.0, 8319.0, 0.0], [3238.0, 0.0, 8572.0, 0.0], [3332.0, 0.0, 8825.0, 0.0], [3448.0, 0.0, 9069.0, 0.0], [3536.0, 0.0, 9281.0, 0.0]]
time = [0.463973822, 0.679296997, 0.573605219, 0.935563825, 0.908475415, 0.704376478, 0.690191349, 0.637803068, 0.657655316, 0.875210122, 0.817038085, 0.862554668, 1.04414408, 0.797430023, 1.00581266, 1.122527554, 1.113109479, 0.865998966, 1.173843272, 0.865171989, 1.237829357, 1.275486032, 1.236623119, 1.211634752, 1.254156965, 1.268742398, 1.311825091, 1.319122262, 1.34080623, 1.723395637, 1.482783238, 1.489143088, 1.621566307, 1.602435061, 1.642919702, 1.831667519, 1.743988048, 1.815268413, 1.810420873, 1.806363286]
optimality_gap = [0, 0, 0, 0, 0, 0, 0, 0, 0, 0, 0, 0, 0, 0, 0, 0, 0, 0, 0, 0, 0, 0, 0, 0, 0, 0, 0, 0, 0, 0, 0, 0, 0, 0, 0, 0, 0, 0, 0, 0]
final_time = [95, 169, 253, 367, 450, 546, 633, 703, 765, 892, 965, 1060, 1128, 1180, 1243, 1332, 1416, 1488, 1590, 1628, 1763, 1874, 1953, 2025, 2114, 2204, 2286, 2377, 2458, 2587, 2695, 2769, 2889, 2981, 3065, 3134, 3238, 3332, 3448, 3536]
makespans = [95, 119, 173, 257, 310, 376, 433, 473, 505, 602, 645, 710, 748, 770, 803, 862, 916, 958, 1030, 1038, 1143, 1224, 1273, 1315, 1374, 1434, 1486, 1547, 1598, 1697, 1775, 1819, 1909, 1971, 2025, 2064, 2138, 2202, 2288, 2346]
optimal = [true, true, true, true, true, true, true, true, true, true, true, true, true, true, true, true, true, true, true, true, true, true, true, true, true, true, true, true, true, true, true, true, true, true, true, true, true, true, true, true]
arrival_time = [0, 50, 80, 110, 140, 170, 200, 230, 260, 290, 320, 350, 380, 410, 440, 470, 500, 530, 560, 590, 620, 650, 680, 710, 740, 770, 800, 830, 860, 890, 920, 950, 980, 1010, 1040, 1070, 1100, 1130, 1160, 1190]
feasible = [true, true, true, true, true, true, true, true, true, true, true, true, true, true, true, true, true, true, true, true, true, true, true, true, true, true, true, true, true, true, true, true, true, true, true, true, true, true, true, true]
