fallback_feasible = [true, true, true, true, true, true, true, true, true, true, true, true, true, true, false, true, false, false, false]
cost = [[110.0, 0.0, 725.0, 0.0], [361.0, 0.0, 1446.0, 0.0], [559.0, 0.0, 2176.0, 0.0], [859.0, 1.0, 2846.0, 0.0], [991.0, 0.0, 3506.0, 0.0], [833.0, 0.0, 4212.0, 0.0], [959.0, 0.0, 4852.0, 0.0], [1103.0, 0.0, 5422.0, 0.0], [1289.0, 1.0, 6178.0, 0.0], [1420.0, 0.0, 6872.0, 0.0], [1522.0, 0.0, 7607.0, 0.0], [1684.0, 0.0, 8357.0, 0.0], [2013.0, 0.0, 9182.0, 0.0], [3708.0, 0.0, 10312.0, 0.0], [4828.0, 0.0, 11092.0, 0.0], [4959.0, 0.0, 11968.0, 0.0], [5125.0, 0.0, 12630.0, 0.0], [5311.0, 0.0, 13452.0, 0.0], [7215.0, 0.0, 14660.0, 0.0], [-1, -1, -1, -1]]
time = [1.301316015, 1.508214712, 1.820993428, 2.595088676, 1.560719838, 1.568556879, 1.409099181, 1.586108766, 1.636193505, 1.989214462, 1.647557708, 1.682808835, 11.640335027, 5.280274756, 5.316374448, 5.120370048, 5.273535466, 10.048326903, 16.006499409, 45.183738152]
optimality_gap = [0, 0, 0, 0, 0, 0, 0, 0, 0, 0, 0, 0, 1, 0, 0, 0, 0, 31, 1029, 10000]
final_time = [110, 251, 309, 300, 382, 451, 508, 595, 694, 726, 796, 1212, 2187, 1031, 1120, 1162, 2017, 2044, 1968, -1]
makespans = [110, 161, 149, 70, 82, 81, 68, 85, 114, 76, 76, 422, 1327, 101, 120, 92, 877, 834, 688, -1351]
optimal = [true, true, true, true, true, true, true, true, true, true, true, true, false, true, true, true, true, false, false, false]
arrival_time = [0, 90, 160, 230, 300, 370, 440, 510, 580, 650, 720, 790, 860, 930, 1000, 1070, 1140, 1210, 1280, 1350]
feasible = [true, true, true, true, true, true, true, true, true, true, true, true, true, true, true, true, true, true, true, false]
