fallback_feasible = [true, true, true, true, true, false]
cost = [[163.0, 0.0, 584.0, 0.0], [359.0, 0.0, 1120.0, 0.0], [618.0, 0.0, 1782.0, 0.0], [563.0, 0.0, 2377.0, 0.0], [710.0, 0.0, 2958.0, 0.0], [844.0, 2.0, 3586.0, 0.0], [-1, -1, -1, -1]]
time = [1.029489895, 1.359716645, 1.516704371, 1.366115079, 1.402497958, 4.415678982, 111.148897737]
optimality_gap = [0, 0, 0, 0, 0, 1, 10000]
final_time = [163, 196, 259, 304, 477, 521, -1]
makespans = [163, 106, 99, 74, 177, 151, -441]
optimal = [true, true, true, true, true, false, false]
arrival_time = [0, 90, 160, 230, 300, 370, 440]
feasible = [true, true, true, true, true, true, false]
