fallback_feasible = [true, true, true, true, true, true, false, true, true, true, false]
cost = [[108.0, 0.0, 556.0, 0.0], [296.0, 0.0, 1192.0, 0.0], [402.0, 0.0, 1669.0, 0.0], [660.0, 0.0, 2279.0, 0.0], [827.0, 0.0, 2898.0, 0.0], [715.0, 0.0, 3347.0, 0.0], [1279.0, 0.0, 4231.0, 0.0], [1398.0, 1.0, 4691.0, 0.0], [2010.0, 0.0, 5332.0, 0.0], [-1, -1, -1, -1], [1999.0, 0.0, 6207.0, 0.0], [-1, -1, -1, -1]]
time = [0.782461317, 1.567021547, 2.175596379, 2.631503199, 1.569398416, 9.39688748, 3.931931749, 3.207401907, 2.119314766, 9.329620856, 16.646784129, 10.07335642]
optimality_gap = [0, 0, 0, 0, 0, 1, 0, 0, 0, 10000, 55, 10000]
final_time = [108, 188, 214, 258, 355, 470, 454, 475, 612, 709, 740, -1]
makespans = [108, 118, 94, 88, 135, 200, 134, 105, 192, 239, 220, -571]
optimal = [true, true, true, true, true, false, true, true, true, false, false, false]
arrival_time = [0, 70, 120, 170, 220, 270, 320, 370, 420, 470, 520, 570]
feasible = [true, true, true, true, true, true, true, true, true, false, true, false]
