fallback_feasible = [true, true, true, false]
cost = [[112.0, 0.0, 707.0, 0.0], [333.0, 0.0, 1686.0, 0.0], [509.0, 0.0, 2500.0, 0.0], [967.0, 2.0, 3369.0, 0.0], [-1, -1, -1, -1]]
time = [1.058338883, 3.699462798, 16.059452351, 16.431500572, 16.509509583]
optimality_gap = [0, 0, 9, 25, 10000]
final_time = [112, 221, 376, 464, -1]
makespans = [112, 141, 236, 264, -261]
optimal = [true, true, false, false, false]
arrival_time = [0, 80, 140, 200, 260]
feasible = [true, true, true, true, false]
