fallback_feasible = [true, true, true, true, true, false, false]
cost = [[146.0, 0.0, 495.0, 0.0], [-1, -1, -1, -1], [673.0, 0.0, 1434.0, 0.0], [753.0, 0.0, 1891.0, 0.0], [1094.0, 0.0, 2434.0, 0.0], [1630.0, 0.0, 3344.0, 0.0], [2854.0, 0.0, 4181.0, 0.0], [-1, -1, -1, -1]]
time = [0.972096584, 9.211737985, 2.021383365, 2.188320132, 6.907147857, 10.20215333, 8.79664228, 13.225696959]
optimality_gap = [0, 10000, 0, 0, 2, 3, 196, 10000]
final_time = [146, 828, 216, 760, 861, 830, 721, -1]
makespans = [146, 758, 96, 590, 641, 560, 401, -371]
optimal = [true, false, true, true, false, false, false, false]
arrival_time = [0, 70, 120, 170, 220, 270, 320, 370]
feasible = [true, false, true, true, true, true, true, false]
