fallback_feasible = [true, true, true, true, true, false]
cost = [[129.0, 0.0, 707.0, 0.0], [382.0, 1.0, 1509.0, 0.0], [539.0, 0.0, 2256.0, 0.0], [923.0, 0.0, 2971.0, 0.0], [847.0, 0.0, 3701.0, 0.0], [1783.0, 0.0, 5035.0, 0.0], [-1, -1, -1, -1]]
time = [1.295890412, 1.913041104, 1.664119821, 1.871431083, 12.399840183, 9.147947441, 26.388393081]
optimality_gap = [0, 0, 0, 0, 2, 103, 10000]
final_time = [129, 253, 286, 745, 823, 773, -1]
makespans = [129, 153, 106, 485, 483, 353, -501]
optimal = [true, true, true, true, false, false, false]
arrival_time = [0, 100, 180, 260, 340, 420, 500]
feasible = [true, true, true, true, true, true, false]
