fallback_feasible = [true, true, true, true, true, false, true, true, true, true, true, true, true, true, true, true, false, true, true, true, true, true, true, true, true, true, true, false, true, true, true, true, false, false, true, true, true, true, true]
cost = [[101.0, 0.0, 501.0, 0.0], [205.0, 0.0, 964.0, 0.0], [324.0, 0.0, 1415.0, 0.0], [444.0, 0.0, 1847.0, 0.0], [561.0, 0.0, 2333.0, 0.0], [660.0, 0.0, 2786.0, 0.0], [751.0, 0.0, 3223.0, 0.0], [882.0, 0.0, 3704.0, 0.0], [971.0, 0.0, 4219.0, 0.0], [1103.0, 0.0, 4642.0, 0.0], [1195.0, 0.0, 5089.0, 0.0], [1340.0, 0.0, 5551.0, 0.0], [1427.0, 0.0, 5999.0, 0.0], [1558.0, 0.0, 6478.0, 0.0], [1748.0, 0.0, 6969.0, 0.0], [1842.0, 0.0, 7465.0, 0.0], [1906.0, 0.0, 7881.0, 0.0], [1987.0, 0.0, 8335.0, 0.0], [2103.0, 0.0, 8688.0, 0.0], [2211.0, 0.0, 9178.0, 0.0], [2294.0, 0.0, 9578.0, 0.0], [2408.0, 0.0, 9973.0, 0.0], [2516.0, 0.0, 10462.0, 0.0], [2609.0, 0.0, 10902.0, 0.0], [2725.0, 0.0, 11366.0, 0.0], [2795.0, 0.0, 11778.0, 0.0], [2894.0, 0.0, 12190.0, 0.0], [2976.0, 0.0, 12571.0, 0.0], [3070.0, 0.0, 13002.0, 0.0], [3161.0, 0.0, 13394.0, 0.0], [3278.0, 0.0, 13833.0, 0.0], [3383.0, 0.0, 14316.0, 0.0], [3488.0, 0.0, 14831.0, 0.0], [3570.0, 0.0, 15270.0, 0.0], [3670.0, 0.0, 15643.0, 0.0], [3809.0, 1.0, 16090.0, 0.0], [3877.0, 0.0, 16388.0, 0.0], [4000.0, 0.0, 16850.0, 0.0], [4094.0, 0.0, 17272.0, 0.0], [4200.0, 0.0, 17730.0, 0.0]]
time = [0.899698896, 0.936220494, 0.817549925, 0.867473855, 0.982285117, 1.091890855, 0.92694752, 1.255061729, 1.19261058, 1.103018438, 1.218256548, 1.329174522, 1.321241114, 1.383044465, 1.644159162, 1.579292856, 1.459935986, 1.62466346, 1.575527581, 1.691330685, 1.599531739, 1.776844383, 2.013045243, 2.009487523, 1.860000767, 1.817114716, 1.927659328, 2.109019016, 1.9488552, 1.989102273, 2.400469612, 2.156250815, 2.419858741, 2.306779941, 2.271486342, 2.732791145, 2.336776191, 2.689647816, 2.659684585, 2.841564987]
optimality_gap = [0, 0, 0, 0, 0, 0, 0, 0, 0, 0, 0, 0, 0, 0, 0, 0, 0, 0, 0, 0, 0, 0, 0, 0, 0, 0, 0, 0, 0, 0, 0, 0, 0, 0, 0, 0, 0, 0, 0, 0]
final_time = [101, 205, 324, 444, 561, 660, 751, 882, 971, 1103, 1195, 1340, 1427, 1558, 1748, 1842, 1906, 1987, 2103, 2211, 2294, 2408, 2516, 2609, 2725, 2795, 2894, 2976, 3070, 3161, 3278, 3383, 3488, 3570, 3670, 3809, 3877, 4000, 4094, 4200]
makespans = [101, 125, 184, 244, 301, 340, 371, 442, 471, 543, 575, 660, 687, 758, 888, 922, 926, 947, 1003, 1051, 1074, 1128, 1176, 1209, 1265, 1275, 1314, 1336, 1370, 1401, 1458, 1503, 1548, 1570, 1610, 1689, 1697, 1760, 1794, 1840]
optimal = [true, true, true, true, true, true, true, true, true, true, true, true, true, true, true, true, true, true, true, true, true, true, true, true, true, true, true, true, true, true, true, true, true, true, true, true, true, true, true, true]
arrival_time = [0, 80, 140, 200, 260, 320, 380, 440, 500, 560, 620, 680, 740, 800, 860, 920, 980, 1040, 1100, 1160, 1220, 1280, 1340, 1400, 1460, 1520, 1580, 1640, 1700, 1760, 1820, 1880, 1940, 2000, 2060, 2120, 2180, 2240, 2300, 2360]
feasible = [true, true, true, true, true, true, true, true, true, true, true, true, true, true, true, true, true, true, true, true, true, true, true, true, true, true, true, true, true, true, true, true, true, true, true, true, true, true, true, true]
