fallback_feasible = [true, true, true, true, true, true, true, true, true, true, true, true, true, true, true, true, true, true, true, true, true, true, true, true, true, true, true, true, true, true, true, true, true, true, true, false, false]
cost = [[146.0, 0.0, 495.0, 0.0], [323.0, 0.0, 954.0, 0.0], [592.0, 0.0, 1433.0, 0.0], [1050.0, 0.0, 2066.0, 0.0], [1379.0, 0.0, 2797.0, 0.0], [1327.0, 0.0, 3348.0, 0.0], [1464.0, 0.0, 3888.0, 0.0], [1234.0, 0.0, 4260.0, 0.0], [1376.0, 0.0, 4791.0, 0.0], [1056.0, 0.0, 5290.0, 0.0], [1710.0, 0.0, 5792.0, 0.0], [1311.0, 0.0, 6288.0, 0.0], [1970.0, 0.0, 6752.0, 0.0], [2732.0, 0.0, 7236.0, 0.0], [1590.0, 0.0, 7782.0, 0.0], [2441.0, 0.0, 8288.0, 0.0], [2574.0, 0.0, 8854.0, 0.0], [2705.0, 0.0, 9366.0, 0.0], [1956.0, 0.0, 9866.0, 0.0], [2982.0, 0.0, 10277.0, 0.0], [2131.0, 0.0, 10703.0, 0.0], [2283.0, 0.0, 11134.0, 0.0], [3514.0, 0.0, 11627.0, 0.0], [3655.0, 0.0, 12212.0, 0.0], [3785.0, 0.0, 12696.0, 0.0], [2638.0, 0.0, 13179.0, 0.0], [4058.0, 0.0, 13698.0, 0.0], [2867.0, 0.0, 14179.0, 0.0], [4353.0, 0.0, 14638.0, 0.0], [3094.0, 0.0, 15093.0, 0.0], [3188.0, 0.0, 15558.0, 0.0], [4855.0, 0.0, 16057.0, 0.0], [4966.0, 0.0, 16459.0, 0.0], [5100.0, 0.0, 16958.0, 0.0], [3668.0, 0.0, 17342.0, 0.0], [5930.0, 1.0, 17955.0, 0.0], [8170.0, 0.0, 18885.0, 0.0], [-1, -1, -1, -1]]
time = [0.860284498, 1.343826031, 3.568293249, 3.669489595, 3.465213537, 2.069690697, 1.648562223, 1.434118666, 1.394332073, 1.271848836, 1.369408838, 1.351135111, 1.529317807, 1.389957428, 1.501178662, 1.631589426, 1.578837409, 1.579769519, 1.481632332, 1.487152311, 1.512695257, 1.617517061, 1.932345394, 1.741761094, 1.932481405, 1.883665338, 1.759621159, 3.201111735, 1.601686529, 1.742010399, 2.269726139, 1.872152394, 1.971412476, 1.648539497, 5.589787355, 6.440328387, 14.946172507, 14.615527462]
optimality_gap = [0, 0, 63, 0, 0, 0, 0, 0, 0, 0, 0, 0, 0, 0, 0, 0, 0, 0, 0, 0, 0, 0, 0, 0, 0, 0, 0, 0, 0, 0, 0, 0, 0, 0, 130, 243, 0, 10000]
final_time = [208, 296, 329, 217, 329, 373, 433, 428, 515, 541, 654, 657, 659, 762, 828, 851, 895, 959, 997, 1026, 1105, 1178, 1231, 1246, 1308, 1330, 1420, 1447, 1486, 1608, 1580, 1667, 1691, 2048, 2148, 2093, 1881, -1]
makespans = [208, 226, 209, 47, 109, 103, 113, 58, 95, 71, 134, 87, 39, 92, 108, 81, 75, 89, 77, 56, 85, 108, 111, 76, 88, 60, 100, 77, 66, 138, 60, 97, 71, 378, 428, 323, 61, -1871]
optimal = [true, true, false, true, true, true, true, true, true, true, true, true, true, true, true, true, true, true, true, true, true, true, true, true, true, true, true, true, true, true, true, true, true, true, false, false, true, false]
arrival_time = [0, 70, 120, 170, 220, 270, 320, 370, 420, 470, 520, 570, 620, 670, 720, 770, 820, 870, 920, 970, 1020, 1070, 1120, 1170, 1220, 1270, 1320, 1370, 1420, 1470, 1520, 1570, 1620, 1670, 1720, 1770, 1820, 1870]
feasible = [true, true, true, true, true, true, true, true, true, true, true, true, true, true, true, true, true, true, true, true, true, true, true, true, true, true, true, true, true, true, true, true, true, true, true, true, true, false]
