fallback_feasible = [true, true, true, true, true, true, true, true, true, false, true, false]
cost = [[112.0, 0.0, 707.0, 0.0], [308.0, 0.0, 1470.0, 0.0], [465.0, 0.0, 2121.0, 0.0], [797.0, 0.0, 2864.0, 0.0], [994.0, 0.0, 3612.0, 0.0], [1138.0, 0.0, 4321.0, 0.0], [1303.0, 1.0, 5076.0, 0.0], [1033.0, 0.0, 5769.0, 0.0], [1645.0, 0.0, 6532.0, 0.0], [2043.0, 0.0, 7658.0, 0.0], [2770.0, 0.0, 8455.0, 0.0], [3906.0, 0.0, 9625.0, 0.0], [-1, -1, -1, -1]]
time = [1.100261372, 1.455635394, 1.618544125, 1.916592426, 1.969362239, 2.097815382, 1.802882944, 1.818695639, 9.919948679, 3.606108765, 11.107733648, 11.325934436, 11.234141503]
optimality_gap = [0, 0, 0, 0, 0, 0, 0, 0, 3, 0, 1, 43, 10000]
final_time = [112, 196, 269, 332, 393, 413, 497, 706, 993, 917, 981, 962, -1]
makespans = [112, 116, 129, 132, 133, 93, 117, 266, 493, 357, 361, 282, -741]
optimal = [true, true, true, true, true, true, true, true, false, true, false, false, false]
arrival_time = [0, 80, 140, 200, 260, 320, 380, 440, 500, 560, 620, 680, 740]
feasible = [true, true, true, true, true, true, true, true, true, true, true, true, false]
