fallback_feasible = [true, true, true, true, true, false]
cost = [[83.0, 0.0, 635.0, 0.0], [262.0, 0.0, 1247.0, 0.0], [-1, -1, -1, -1], [-1, -1, -1, -1], [1315.0, 1.0, 3090.0, 0.0], [-1, -1, -1, -1], [-1, -1, -1, -1]]
time = [1.391342507, 1.223394385, 9.612811942, 9.63176907, 17.074444198, 17.075184303, 17.786019353]
optimality_gap = [0, 0, 10000, 10000, 8, 10000, 10000]
final_time = [83, 179, 328, 505, 630, 768, -1]
makespans = [83, 89, 168, 275, 330, 398, -441]
optimal = [true, true, false, false, false, false, false]
arrival_time = [0, 90, 160, 230, 300, 370, 440]
feasible = [true, true, false, false, true, false, false]
