fallback_feasible = [true, true, true, false, true, false, false, false]
cost = [[80.0, 0.0, 443.0, 0.0], [274.0, 0.0, 907.0, 0.0], [430.0, 0.0, 1351.0, 0.0], [737.0, 0.0, 1882.0, 0.0], [1224.0, 0.0, 2683.0, 0.0], [2098.0, 0.0, 3564.0, 0.0], [3942.0, 0.0, 4561.0, 0.0], [6140.0, 1.0, 5198.0, 0.0], [-1, -1, -1, -1]]
time = [0.741906756, 0.917917971, 0.932802038, 6.429641482, 5.133410907, 9.02021148, 12.963888452, 8.845579082, 11.526023305]
optimality_gap = [0, 0, 0, 1, 81, 34, 497, 0, 10000]
final_time = [80, 194, 1042, 1220, 1187, 1124, 981, 586, -1]
makespans = [80, 114, 902, 1020, 927, 804, 601, 146, -501]
optimal = [true, true, true, false, false, false, false, true, false]
arrival_time = [0, 80, 140, 200, 260, 320, 380, 440, 500]
feasible = [true, true, true, true, true, true, true, true, false]
