fallback_feasible = [true, true, true, true, true, true, true, true, true, false, true, true, true, true, true, true, true, true, true, true, true, true, true, true, true, true, true, false, true, true, true, true, true, true, true, true, true, true, true]
cost = [[99.0, 0.0, 426.0, 0.0], [268.0, 0.0, 856.0, 0.0], [376.0, 0.0, 1315.0, 0.0], [514.0, 0.0, 1769.0, 0.0], [1090.0, 0.0, 2548.0, 0.0], [1262.0, 0.0, 3115.0, 0.0], [1733.0, 2.0, 3675.0, 0.0], [1466.0, 0.0, 4083.0, 0.0], [1140.0, 0.0, 4548.0, 0.0], [1300.0, 0.0, 4995.0, 0.0], [2040.0, 0.0, 5465.0, 0.0], [2195.0, 0.0, 6001.0, 0.0], [2344.0, 0.0, 6530.0, 0.0], [1701.0, 0.0, 6985.0, 0.0], [1811.0, 0.0, 7455.0, 0.0], [1944.0, 0.0, 7892.0, 0.0], [2079.0, 0.0, 8381.0, 0.0], [2244.0, 0.0, 8964.0, 0.0], [2361.0, 1.0, 9565.0, 0.0], [3625.0, 0.0, 10037.0, 0.0], [2661.0, 0.0, 10620.0, 0.0], [4007.0, 0.0, 11114.0, 0.0], [4150.0, 0.0, 11634.0, 0.0], [2928.0, 0.0, 12087.0, 0.0], [4488.0, 0.0, 12564.0, 0.0], [3178.0, 1.0, 13026.0, 0.0], [3281.0, 0.0, 13388.0, 0.0], [5217.0, 0.0, 14283.0, 0.0], [5340.0, 0.0, 14741.0, 0.0], [5434.0, 0.0, 15170.0, 0.0], [3786.0, 0.0, 15706.0, 0.0], [3943.0, 0.0, 16210.0, 0.0], [5960.0, 0.0, 16618.0, 0.0], [6104.0, 0.0, 17135.0, 0.0], [4237.0, 0.0, 17600.0, 0.0], [4336.0, 0.0, 18023.0, 0.0], [4440.0, 0.0, 18500.0, 0.0], [4569.0, 0.0, 18966.0, 0.0], [4729.0, 0.0, 19496.0, 0.0], [4855.0, 0.0, 19991.0, 0.0]]
time = [0.960245577, 1.101650687, 0.948696398, 3.098755904, 2.056096121, 1.80261277, 1.644660987, 1.302271193, 1.372212005, 1.349637228, 1.501125913, 1.46361752, 1.561861358, 1.268955996, 1.370005346, 1.402963079, 1.292760143, 1.77687007, 1.90338225, 9.453101513, 2.199245172, 1.995650989, 3.188848468, 1.662800006, 1.383758639, 1.617935199, 4.855074398, 2.829941865, 2.438273798, 2.259693955, 1.721403832, 2.052171005, 1.999335349, 3.568745419, 1.961852842, 1.663814177, 2.031355749, 1.853606369, 2.010417761, 2.375422985]
optimality_gap = [0, 0, 0, 1, 0, 0, 0, 0, 0, 0, 0, 0, 0, 0, 0, 0, 0, 0, 0, 3, 0, 0, 0, 0, 0, 0, 1, 0, 0, 0, 0, 0, 0, 0, 0, 0, 0, 0, 0, 0]
final_time = [99, 169, 309, 409, 372, 481, 471, 514, 626, 674, 740, 781, 823, 878, 933, 1011, 1068, 1178, 1197, 1349, 1312, 1346, 1455, 1473, 1560, 1684, 1747, 1786, 1807, 1841, 1945, 1998, 2017, 2089, 2148, 2188, 2252, 2317, 2412, 2443]
makespans = [99, 89, 169, 209, 112, 161, 91, 74, 126, 114, 120, 101, 83, 78, 73, 91, 88, 138, 97, 189, 92, 66, 115, 73, 100, 164, 167, 146, 107, 81, 125, 118, 77, 89, 88, 68, 72, 77, 112, 83]
optimal = [true, true, true, false, true, true, true, true, true, true, true, true, true, true, true, true, true, true, true, false, true, true, true, true, true, true, false, true, true, true, true, true, true, true, true, true, true, true, true, true]
arrival_time = [0, 80, 140, 200, 260, 320, 380, 440, 500, 560, 620, 680, 740, 800, 860, 920, 980, 1040, 1100, 1160, 1220, 1280, 1340, 1400, 1460, 1520, 1580, 1640, 1700, 1760, 1820, 1880, 1940, 2000, 2060, 2120, 2180, 2240, 2300, 2360]
feasible = [true, true, true, true, true, true, true, true, true, true, true, true, true, true, true, true, true, true, true, true, true, true, true, true, true, true, true, true, true, true, true, true, true, true, true, true, true, true, true, true]
