fallback_feasible = [true, true, false]
cost = [[75.0, 0.0, 454.0, 0.0], [314.0, 0.0, 945.0, 0.0], [478.0, 0.0, 1449.0, 0.0], [-1, -1, -1, -1]]
time = [0.8798694, 0.948150206, 14.107285806, 15.693216595]
optimality_gap = [0, 0, 1, 10000]
final_time = [75, 239, 272, -1]
makespans = [75, 169, 152, -171]
optimal = [true, true, false, false]
arrival_time = [0, 70, 120, 170]
feasible = [true, true, true, false]
