fallback_feasible = [true, true, true, true, true, true, true, true, true, true, true, true, true, true, true, true, true, true, true, true, true, true, true, true, true, true, true, true, true, true, true, true, true, true, true, true, true, true, true]
cost = [[78.0, 0.0, 212.0, 0.0], [148.0, 0.0, 448.0, 0.0], [245.0, 0.0, 692.0, 0.0], [328.0, 0.0, 910.0, 0.0], [460.0, 0.0, 1170.0, 0.0], [531.0, 0.0, 1417.0, 0.0], [594.0, 0.0, 1598.0, 0.0], [730.0, 0.0, 1816.0, 0.0], [801.0, 0.0, 2025.0, 0.0], [865.0, 0.0, 2213.0, 0.0], [925.0, 0.0, 2402.0, 0.0], [977.0, 0.0, 2606.0, 0.0], [1050.0, 0.0, 2807.0, 0.0], [1160.0, 0.0, 3035.0, 0.0], [1216.0, 0.0, 3245.0, 0.0], [1288.0, 0.0, 3474.0, 0.0], [1402.0, 0.0, 3764.0, 0.0], [1474.0, 0.0, 3990.0, 0.0], [1550.0, 0.0, 4217.0, 0.0], [1637.0, 0.0, 4509.0, 0.0], [1740.0, 0.0, 4751.0, 0.0], [1860.0, 0.0, 5010.0, 0.0], [1936.0, 0.0, 5246.0, 0.0], [2006.0, 0.0, 5450.0, 0.0], [2105.0, 0.0, 5718.0, 0.0], [2156.0, 0.0, 5912.0, 0.0], [2231.0, 0.0, 6148.0, 0.0], [2328.0, 0.0, 6383.0, 0.0], [2449.0, 0.0, 6637.0, 0.0], [2517.0, 0.0, 6858.0, 0.0], [2592.0, 0.0, 7074.0, 0.0], [2664.0, 0.0, 7255.0, 0.0], [2769.0, 0.0, 7482.0, 0.0], [2821.0, 0.0, 7677.0, 0.0], [2914.0, 0.0, 7922.0, 0.0], [2983.0, 0.0, 8150.0, 0.0], [3077.0, 0.0, 8409.0, 0.0], [3166.0, 0.0, 8642.0, 0.0], [3233.0, 0.0, 8793.0, 0.0], [3322.0, 0.0, 8996.0, 0.0]]
time = [0.426400074, 0.632166949, 0.559149361, 0.561983581, 0.899024177, 0.93395321, 0.682439472, 0.994005751, 0.956041219, 0.968468851, 1.038633103, 0.930538669, 1.067138204, 1.138948323, 1.078633576, 1.10915107, 1.248683818, 0.90567996, 1.122780619, 1.241252031, 1.274370791, 1.503209648, 1.263370544, 1.301049785, 1.382072503, 1.318714008, 1.52661194, 1.422511632, 1.683033558, 1.449635425, 1.387276911, 1.731266535, 1.856708849, 1.565141089, 1.687021531, 1.692564696, 1.703928169, 1.742037087, 1.738040475, 1.851802461]
optimality_gap = [0, 0, 0, 0, 0, 0, 0, 0, 0, 0, 0, 0, 0, 0, 0, 0, 0, 0, 0, 0, 0, 0, 0, 0, 0, 0, 0, 0, 0, 0, 0, 0, 0, 0, 0, 0, 0, 0, 0, 0]
final_time = [78, 148, 245, 328, 460, 531, 594, 730, 801, 865, 925, 977, 1050, 1160, 1216, 1288, 1402, 1474, 1550, 1637, 1740, 1860, 1936, 2006, 2105, 2156, 2231, 2328, 2449, 2517, 2592, 2664, 2769, 2821, 2914, 2983, 3077, 3166, 3233, 3322]
makespans = [78, 88, 145, 188, 280, 311, 334, 430, 461, 485, 505, 517, 550, 620, 636, 668, 742, 774, 810, 857, 920, 1000, 1036, 1066, 1125, 1136, 1171, 1228, 1309, 1337, 1372, 1404, 1469, 1481, 1534, 1563, 1617, 1666, 1693, 1742]
optimal = [true, true, true, true, true, true, true, true, true, true, true, true, true, true, true, true, true, true, true, true, true, true, true, true, true, true, true, true, true, true, true, true, true, true, true, true, true, true, true, true]
arrival_time = [0, 60, 100, 140, 180, 220, 260, 300, 340, 380, 420, 460, 500, 540, 580, 620, 660, 700, 740, 780, 820, 860, 900, 940, 980, 1020, 1060, 1100, 1140, 1180, 1220, 1260, 1300, 1340, 1380, 1420, 1460, 1500, 1540, 1580]
feasible = [true, true, true, true, true, true, true, true, true, true, true, true, true, true, true, true, true, true, true, true, true, true, true, true, true, true, true, true, true, true, true, true, true, true, true, true, true, true, true, true]
