fallback_feasible = [true, true, true, true, true, true, true, true, true, true, true, true, true, true, true, true, true, true, true, true, true, true, true, true, true, true, true, true, true, true, true, true, true, true, true, true, true, true, true]
cost = [[83.0, 0.0, 635.0, 0.0], [260.0, 0.0, 1230.0, 0.0], [454.0, 0.0, 1915.0, 0.0], [613.0, 0.0, 2621.0, 0.0], [787.0, 0.0, 3323.0, 0.0], [914.0, 0.0, 3964.0, 0.0], [1431.0, 1.0, 4705.0, 0.0], [1148.0, 0.0, 5461.0, 0.0], [1333.0, 0.0, 6160.0, 0.0], [1461.0, 0.0, 6850.0, 0.0], [1573.0, 0.0, 7530.0, 0.0], [1749.0, 0.0, 8378.0, 0.0], [1890.0, 0.0, 9131.0, 0.0], [2929.0, 0.0, 9865.0, 0.0], [2156.0, 0.0, 10584.0, 0.0], [2260.0, 0.0, 11241.0, 0.0], [2396.0, 2.0, 11948.0, 0.0], [2573.0, 0.0, 12644.0, 0.0], [2683.0, 0.0, 13375.0, 0.0], [2804.0, 0.0, 14084.0, 0.0], [2994.0, 0.0, 14732.0, 0.0], [3174.0, 0.0, 15486.0, 0.0], [4846.0, 1.0, 16338.0, 0.0], [5039.0, 1.0, 17084.0, 0.0], [3566.0, 0.0, 17883.0, 0.0], [3691.0, 0.0, 18539.0, 0.0], [3826.0, 0.0, 19249.0, 0.0], [3968.0, 0.0, 20090.0, 0.0], [4112.0, 0.0, 20821.0, 0.0], [4255.0, 0.0, 21481.0, 0.0], [4353.0, 1.0, 22182.0, 0.0], [4485.0, 0.0, 22820.0, 0.0], [4650.0, 0.0, 23581.0, 0.0], [4805.0, 0.0, 24302.0, 0.0], [4910.0, 0.0, 25062.0, 0.0], [5044.0, 0.0, 25798.0, 0.0], [5208.0, 0.0, 26569.0, 0.0], [5346.0, 0.0, 27211.0, 0.0], [5526.0, 1.0, 27998.0, 0.0], [5648.0, 0.0, 28706.0, 0.0]]
time = [1.325515093, 1.384835756, 1.458199907, 1.818769984, 1.537802679, 1.683720799, 1.89981239, 1.80856694, 1.877381142, 1.954715432, 1.735075736, 2.552754033, 2.289636715, 2.301446171, 2.119713888, 2.389242409, 2.356468345, 1.980560592, 2.296313697, 2.093450955, 2.034418773, 2.489396986, 2.485778784, 2.574868587, 2.212086683, 2.532003858, 2.105976706, 2.628164833, 2.666559477, 2.605374552, 3.006378717, 2.66557206, 2.682115886, 2.775140306, 2.75406011, 2.66733603, 3.030935233, 2.733206419, 3.080907509, 3.034210653]
optimality_gap = [0, 0, 0, 0, 0, 0, 0, 0, 0, 0, 0, 0, 0, 0, 0, 0, 0, 0, 0, 0, 0, 0, 0, 0, 0, 0, 0, 0, 0, 0, 0, 0, 0, 0, 0, 0, 0, 0, 0, 0]
final_time = [83, 177, 277, 336, 451, 463, 517, 631, 702, 759, 814, 935, 955, 1039, 1117, 1143, 1253, 1320, 1363, 1441, 1553, 1621, 1672, 1746, 1820, 1871, 1955, 2013, 2099, 2156, 2197, 2288, 2362, 2443, 2467, 2577, 2631, 2715, 2811, 2837]
makespans = [83, 87, 117, 106, 151, 93, 77, 121, 122, 109, 94, 145, 95, 109, 117, 73, 113, 110, 83, 91, 133, 131, 112, 116, 120, 101, 115, 103, 119, 106, 77, 98, 102, 113, 67, 107, 91, 105, 131, 87]
optimal = [true, true, true, true, true, true, true, true, true, true, true, true, true, true, true, true, true, true, true, true, true, true, true, true, true, true, true, true, true, true, true, true, true, true, true, true, true, true, true, true]
arrival_time = [0, 90, 160, 230, 300, 370, 440, 510, 580, 650, 720, 790, 860, 930, 1000, 1070, 1140, 1210, 1280, 1350, 1420, 1490, 1560, 1630, 1700, 1770, 1840, 1910, 1980, 2050, 2120, 2190, 2260, 2330, 2400, 2470, 2540, 2610, 2680, 2750]
feasible = [true, true, true, true, true, true, true, true, true, true, true, true, true, true, true, true, true, true, true, true, true, true, true, true, true, true, true, true, true, true, true, true, true, true, true, true, true, true, true, true]
