fallback_feasible = [true, true, true, true, true, true, true, true, true, true, true, true, true, false, true, true, true, false, true, true, true, false, true, false, false, false, true, true, false, true, true, true, true, true, false, true, true, false, false]
cost = [[105.0, 0.0, 253.0, 0.0], [224.0, 0.0, 511.0, 0.0], [344.0, 0.0, 767.0, 0.0], [458.0, 0.0, 981.0, 0.0], [606.0, 0.0, 1171.0, 0.0], [776.0, 0.0, 1367.0, 0.0], [520.0, 0.0, 1598.0, 0.0], [761.0, 0.0, 1889.0, 0.0], [875.0, 0.0, 2131.0, 0.0], [1415.0, 0.0, 2521.0, 0.0], [1519.0, 0.0, 2761.0, 0.0], [1876.0, 0.0, 3036.0, 0.0], [2756.0, 0.0, 3405.0, 0.0], [3089.0, 1.0, 3641.0, 0.0], [3459.0, 0.0, 3931.0, 0.0], [3550.0, 1.0, 4201.0, 0.0], [3959.0, 0.0, 4452.0, 0.0], [5145.0, 1.0, 5019.0, 0.0], [5611.0, 1.0, 5221.0, 0.0], [6106.0, 2.0, 5448.0, 0.0], [-1, -1, -1, -1], [5965.0, 1.0, 6119.0, 0.0], [6481.0, 0.0, 6330.0, 0.0], [6552.0, 0.0, 6579.0, 0.0], [6764.0, 0.0, 6966.0, 0.0], [5382.0, 0.0, 7326.0, 0.0], [5968.0, 0.0, 7593.0, 0.0], [6593.0, 3.0, 7864.0, 0.0], [7275.0, 0.0, 8158.0, 0.0], [6792.0, 0.0, 8420.0, 0.0], [4500.0, 0.0, 8646.0, 0.0], [3979.0, 0.0, 8885.0, 0.0], [4364.0, 1.0, 9267.0, 0.0], [5076.0, 0.0, 9475.0, 0.0], [6228.0, 0.0, 9843.0, 0.0], [7607.0, 0.0, 10139.0, 0.0], [8637.0, 0.0, 10680.0, 0.0], [9500.0, 0.0, 10837.0, 0.0], [10334.0, 0.0, 11321.0, 0.0], [-1, -1, -1, -1]]
time = [0.5247753, 0.836561106, 1.026694115, 1.23314062, 1.302498352, 1.184181664, 0.730943175, 0.992872008, 4.566641179, 1.941955394, 2.113552444, 7.17157466, 3.011594021, 3.034910858, 2.887513126, 2.498210031, 9.860181101, 3.7893954, 3.494569813, 3.69979213, 95.565735699, 3.404917458, 27.736611157, 38.890264198, 3.336441751, 2.439693071, 2.544872943, 2.463874853, 3.924974114, 2.465124756, 1.633514753, 4.517318314, 1.721027749, 4.810942319, 2.442941039, 23.185620493, 3.71452988, 3.665471762, 4.250496401, 12.348248605]
optimality_gap = [0, 0, 0, 0, 0, 0, 0, 0, 3, 0, 0, 15, 0, 0, 0, 0, 2, 0, 0, 0, 10000, 0, 0, 1, 0, 0, 0, 0, 0, 0, 0, 1, 0, 1, 0, 606, 0, 0, 0, 10000]
final_time = [105, 119, 120, 114, 148, 182, 480, 496, 597, 398, 484, 612, 293, 401, 442, 483, 597, 414, 467, 497, 970, 591, 585, 608, 566, 578, 586, 625, 970, 701, 903, 1012, 1010, 1005, 958, 984, 825, 863, 834, -1]
makespans = [105, 79, 60, 34, 48, 62, 340, 336, 417, 198, 264, 372, 33, 121, 142, 163, 257, 54, 87, 97, 550, 151, 125, 128, 66, 58, 46, 65, 390, 101, 283, 372, 350, 325, 258, 264, 85, 103, 54, -801]
optimal = [true, true, true, true, true, true, true, true, false, true, true, false, true, true, true, true, false, true, true, true, false, true, true, false, true, true, true, true, true, true, true, false, true, false, true, false, true, true, true, false]
arrival_time = [0, 40, 60, 80, 100, 120, 140, 160, 180, 200, 220, 240, 260, 280, 300, 320, 340, 360, 380, 400, 420, 440, 460, 480, 500, 520, 540, 560, 580, 600, 620, 640, 660, 680, 700, 720, 740, 760, 780, 800]
feasible = [true, true, true, true, true, true, true, true, true, true, true, true, true, true, true, true, true, true, true, true, false, true, true, true, true, true, true, true, true, true, true, true, true, true, true, true, true, true, true, false]
