fallback_feasible = [true, true, true, false, true, true, true, true, true, true, true, true, true, true, true, true, true, true, true, true, true, true, true, true, true, true, true, true, true, false, true, true, false, false, false, true, false, false]
cost = [[117.0, 0.0, 757.0, 0.0], [272.0, 0.0, 1474.0, 0.0], [378.0, 0.0, 2126.0, 0.0], [499.0, 0.0, 2783.0, 0.0], [658.0, 0.0, 3575.0, 0.0], [785.0, 1.0, 4378.0, 0.0], [1226.0, 0.0, 5084.0, 0.0], [1562.0, 0.0, 6323.0, 0.0], [1741.0, 0.0, 7045.0, 0.0], [1856.0, 0.0, 7712.0, 0.0], [2015.0, 0.0, 8477.0, 0.0], [1522.0, 0.0, 9342.0, 0.0], [1660.0, 0.0, 10060.0, 0.0], [2553.0, 0.0, 10881.0, 0.0], [2710.0, 0.0, 11680.0, 0.0], [1948.0, 0.0, 12313.0, 0.0], [3010.0, 0.0, 13053.0, 0.0], [2207.0, 1.0, 13799.0, 0.0], [2348.0, 5.0, 14429.0, 0.0], [3572.0, 1.0, 15141.0, 0.0], [3752.0, 0.0, 15854.0, 0.0], [2735.0, 1.0, 16644.0, 0.0], [4159.0, 0.0, 17289.0, 0.0], [4526.0, 1.0, 18727.0, 0.0], [6068.0, 1.0, 19374.0, 0.0], [6180.0, 0.0, 20069.0, 0.0], [3300.0, 0.0, 20770.0, 0.0], [3419.0, 0.0, 21408.0, 0.0], [5204.0, 0.0, 22225.0, 0.0], [3671.0, 0.0, 22964.0, 0.0], [5803.0, 0.0, 24032.0, 0.0], [7799.0, 0.0, 24892.0, 0.0], [10384.0, 2.0, 26216.0, 0.0], [10560.0, 0.0, 27037.0, 0.0], [13142.0, 0.0, 27925.0, 0.0], [13675.0, 0.0, 29019.0, 0.0], [17321.0, 2.0, 30376.0, 0.0], [20496.0, 1.0, 31200.0, 0.0], [-1, -1, -1, -1]]
time = [1.015659385, 1.64916803, 1.469588466, 1.66130077, 1.679171491, 1.732802225, 9.939848912, 3.839779732, 2.598585922, 1.999798151, 2.166982836, 2.235775591, 2.17418913, 2.516927288, 2.154088752, 2.299730559, 2.187478944, 1.983088727, 2.315359258, 2.189351244, 1.960957384, 2.189465057, 5.163234123, 4.502675887, 3.978495621, 2.149848108, 2.440638295, 2.183763183, 2.26405374, 5.877449374, 4.325103409, 28.013725099, 7.285588515, 6.729385027, 109.737852662, 55.997919093, 24.372316499, 48.376399873, 124.402709243]
optimality_gap = [0, 0, 0, 0, 0, 0, 2, 0, 0, 0, 0, 0, 0, 0, 0, 0, 0, 0, 0, 0, 0, 0, 1, 0, 0, 0, 0, 0, 0, 39, 0, 2, 0, 0, 424, 114, 0, 807, 10000]
final_time = [117, 155, 223, 276, 383, 474, 532, 556, 653, 647, 715, 807, 853, 893, 964, 984, 1062, 1145, 1203, 1224, 1325, 1496, 1522, 1508, 1542, 1608, 1692, 1727, 1951, 2911, 2061, 2971, 2223, 2914, 2996, 2871, 2582, 2887, -1]
makespans = [117, 75, 83, 76, 123, 154, 152, 116, 153, 87, 95, 127, 113, 93, 104, 64, 82, 105, 103, 64, 105, 216, 182, 108, 82, 88, 112, 87, 251, 1151, 241, 1091, 283, 914, 936, 751, 402, 647, -2301]
optimal = [true, true, true, true, true, true, false, true, true, true, true, true, true, true, true, true, true, true, true, true, true, true, false, true, true, true, true, true, true, false, true, false, true, true, false, false, true, false, false]
arrival_time = [0, 80, 140, 200, 260, 320, 380, 440, 500, 560, 620, 680, 740, 800, 860, 920, 980, 1040, 1100, 1160, 1220, 1280, 1340, 1400, 1460, 1520, 1580, 1640, 1700, 1760, 1820, 1880, 1940, 2000, 2060, 2120, 2180, 2240, 2300]
feasible = [true, true, true, true, true, true, true, true, true, true, true, true, true, true, true, true, true, true, true, true, true, true, true, true, true, true, true, true, true, true, true, true, true, true, true, true, true, true, false]
