fallback_feasible = [true, true, true, true, true, true, true, true, true, true, true, true, true, true, true, true, true, true, true, true, true, true, true, true, true, true, true, true, true, true, true, true, true, true, true, true, true, true, true]
cost = [[106.0, 0.0, 699.0, 0.0], [316.0, 0.0, 1434.0, 0.0], [502.0, 0.0, 2193.0, 0.0], [672.0, 0.0, 2979.0, 0.0], [803.0, 0.0, 3726.0, 0.0], [973.0, 0.0, 4445.0, 0.0], [1222.0, 0.0, 5201.0, 0.0], [1340.0, 0.0, 5893.0, 0.0], [2259.0, 0.0, 7088.0, 0.0], [3357.0, 1.0, 8300.0, 0.0], [4312.0, 0.0, 9112.0, 0.0], [1984.0, 0.0, 9800.0, 0.0], [2150.0, 0.0, 10531.0, 0.0], [2278.0, 0.0, 11326.0, 0.0], [2407.0, 0.0, 12018.0, 0.0], [2574.0, 0.0, 12696.0, 0.0], [2747.0, 0.0, 13483.0, 0.0], [2943.0, 0.0, 14192.0, 0.0], [3144.0, 0.0, 14946.0, 0.0], [3265.0, 0.0, 15701.0, 0.0], [4967.0, 0.0, 16374.0, 0.0], [3506.0, 0.0, 17093.0, 0.0], [3678.0, 0.0, 17787.0, 0.0], [3829.0, 0.0, 18550.0, 0.0], [3991.0, 0.0, 19250.0, 0.0], [4178.0, 0.0, 20035.0, 0.0], [4367.0, 0.0, 20679.0, 0.0], [4491.0, 0.0, 21356.0, 0.0], [4614.0, 0.0, 22142.0, 0.0], [4790.0, 1.0, 22935.0, 0.0], [4990.0, 0.0, 23630.0, 0.0], [5197.0, 0.0, 24384.0, 0.0], [-1, -1, -1, -1], [5568.0, 0.0, 25813.0, 0.0], [8414.0, 1.0, 26649.0, 0.0], [5779.0, 0.0, 27389.0, 0.0], [5920.0, 2.0, 28053.0, 0.0], [6062.0, 1.0, 28764.0, 0.0], [6220.0, 0.0, 29564.0, 0.0], [6406.0, 0.0, 30224.0, 0.0]]
time = [1.243083029, 1.504241379, 1.730406119, 1.595116847, 1.63365033, 1.636916783, 1.962202047, 5.718189293, 10.121948291, 4.406945352, 2.059366021, 2.048916227, 2.253370805, 2.124091906, 2.00032081, 2.012504478, 2.11896804, 2.402212949, 2.261136895, 2.338343224, 2.161256882, 2.003163591, 2.109475942, 2.5261294, 2.403921605, 2.396656154, 2.612356305, 2.676124963, 2.549507407, 2.93692256, 2.795081374, 2.969084407, 9.322314991, 4.779243109, 3.702782446, 2.930776847, 2.902960965, 2.930970296, 3.064617837, 2.980692242]
optimality_gap = [0, 0, 0, 0, 0, 0, 0, 1, 3, 0, 0, 0, 0, 0, 0, 0, 0, 0, 0, 0, 0, 0, 0, 0, 0, 0, 0, 0, 0, 0, 0, 0, 10000, 0, 0, 0, 0, 0, 0, 0]
final_time = [106, 210, 292, 380, 423, 550, 815, 822, 830, 890, 955, 1029, 1121, 1157, 1250, 1324, 1423, 1520, 1624, 1641, 1702, 1804, 1874, 1955, 2036, 2142, 2225, 2266, 2348, 2442, 2548, 2649, 2796, 2772, 2846, 2933, 2987, 3075, 3145, 3261]
makespans = [106, 110, 112, 120, 83, 130, 315, 242, 170, 150, 135, 129, 141, 97, 110, 104, 123, 140, 164, 101, 82, 104, 94, 95, 96, 122, 125, 86, 88, 102, 128, 149, 216, 112, 106, 113, 87, 95, 85, 121]
optimal = [true, true, true, true, true, true, true, false, false, true, true, true, true, true, true, true, true, true, true, true, true, true, true, true, true, true, true, true, true, true, true, true, false, true, true, true, true, true, true, true]
arrival_time = [0, 100, 180, 260, 340, 420, 500, 580, 660, 740, 820, 900, 980, 1060, 1140, 1220, 1300, 1380, 1460, 1540, 1620, 1700, 1780, 1860, 1940, 2020, 2100, 2180, 2260, 2340, 2420, 2500, 2580, 2660, 2740, 2820, 2900, 2980, 3060, 3140]
feasible = [true, true, true, true, true, true, true, true, true, true, true, true, true, true, true, true, true, true, true, true, true, true, true, true, true, true, true, true, true, true, true, true, false, true, true, true, true, true, true, true]
