fallback_feasible = [true, true, true, true, true, true, true, false, false, false, true, false]
cost = [[73.0, 0.0, 185.0, 0.0], [186.0, 0.0, 433.0, 0.0], [378.0, 0.0, 689.0, 0.0], [526.0, 0.0, 962.0, 0.0], [683.0, 0.0, 1294.0, 0.0], [973.0, 1.0, 1594.0, 0.0], [1359.0, 0.0, 1925.0, 0.0], [1639.0, 0.0, 2208.0, 0.0], [1806.0, 0.0, 2485.0, 0.0], [1976.0, 3.0, 2755.0, 0.0], [2143.0, 4.0, 3012.0, 0.0], [2670.0, 1.0, 3313.0, 0.0], [-1, -1, -1, -1]]
time = [0.44383341, 0.477048821, 0.938204486, 0.777126052, 1.090500017, 1.888251014, 9.980774781, 2.477956399, 4.841587997, 2.709752669, 2.831777677, 3.300003491, 7.926310215]
optimality_gap = [0, 0, 0, 0, 0, 0, 3, 0, 0, 0, 0, 0, 10000]
final_time = [73, 113, 192, 221, 270, 292, 501, 355, 388, 440, 459, 527, -1]
makespans = [73, 63, 112, 111, 130, 122, 301, 125, 128, 150, 139, 177, -381]
optimal = [true, true, true, true, true, true, false, true, true, true, true, true, false]
arrival_time = [0, 50, 80, 110, 140, 170, 200, 230, 260, 290, 320, 350, 380]
feasible = [true, true, true, true, true, true, true, true, true, true, true, true, false]
