fallback_feasible = [true, true, true, false, true, true, true, true, false, false, true, true, true, false, true, true, true, true, true, true, true, true, true, true, true, true, true, true, true, true, true, true, true, true, true, true, true, true, true]
cost = [[159.0, 0.0, 734.0, 0.0], [257.0, 0.0, 1424.0, 0.0], [362.0, 0.0, 2065.0, 0.0], [466.0, 0.0, 2710.0, 0.0], [616.0, 0.0, 3487.0, 0.0], [784.0, 0.0, 4202.0, 0.0], [897.0, 0.0, 4831.0, 0.0], [995.0, 1.0, 5545.0, 0.0], [1154.0, 0.0, 6305.0, 0.0], [1248.0, 0.0, 6950.0, 0.0], [1322.0, 0.0, 7551.0, 0.0], [1439.0, 0.0, 8294.0, 0.0], [1536.0, 0.0, 8922.0, 0.0], [1673.0, 0.0, 9608.0, 0.0], [1783.0, 0.0, 10234.0, 0.0], [1901.0, 0.0, 10958.0, 0.0], [2135.0, 0.0, 11687.0, 0.0], [2265.0, 0.0, 12454.0, 0.0], [2385.0, 0.0, 13165.0, 0.0], [2485.0, 0.0, 13744.0, 0.0], [2589.0, 0.0, 14333.0, 0.0], [2762.0, 0.0, 15067.0, 0.0], [2891.0, 0.0, 15901.0, 0.0], [2965.0, 0.0, 16562.0, 0.0], [3129.0, 0.0, 17337.0, 0.0], [3257.0, 0.0, 17964.0, 0.0], [3400.0, 0.0, 18669.0, 0.0], [3494.0, 0.0, 19346.0, 0.0], [3617.0, 0.0, 19982.0, 0.0], [3747.0, 0.0, 20642.0, 0.0], [3853.0, 0.0, 21357.0, 0.0], [4006.0, 0.0, 22185.0, 0.0], [4137.0, 0.0, 22928.0, 0.0], [4259.0, 1.0, 23674.0, 0.0], [4422.0, 0.0, 24471.0, 0.0], [4548.0, 0.0, 25218.0, 0.0], [4689.0, 0.0, 25854.0, 0.0], [4803.0, 0.0, 26648.0, 0.0], [4934.0, 0.0, 27304.0, 0.0], [5047.0, 0.0, 28100.0, 0.0]]
time = [1.435980659, 1.310786638, 2.05057943, 1.559813657, 1.645616334, 1.665617076, 1.565640965, 1.577920288, 1.844233074, 1.697084768, 1.618197818, 1.790056296, 1.740315808, 2.127971437, 1.934596492, 5.962461364, 2.22915915, 2.405799274, 2.395611132, 2.332661418, 2.417064583, 2.766612082, 2.820055299, 2.648543442, 2.835621233, 2.910834834, 2.972454028, 3.189568105, 3.027173288, 3.053300284, 3.293191187, 3.366019145, 3.391626609, 3.452024554, 3.871157015, 3.811400551, 3.877806943, 3.804024179, 4.041228351, 4.337752683]
optimality_gap = [0, 0, 0, 0, 0, 0, 0, 0, 0, 0, 0, 0, 0, 0, 0, 1, 0, 0, 0, 0, 0, 0, 0, 0, 0, 0, 0, 0, 0, 0, 0, 0, 0, 0, 0, 0, 0, 0, 0, 0]
final_time = [159, 257, 363, 466, 616, 784, 897, 995, 1154, 1248, 1322, 1439, 1536, 1673, 1783, 2015, 2135, 2265, 2385, 2485, 2589, 2762, 2891, 2965, 3129, 3257, 3400, 3494, 3617, 3747, 3853, 4006, 4137, 4259, 4422, 4548, 4689, 4803, 4934, 5047]
makespans = [159, 177, 223, 266, 356, 464, 517, 555, 654, 688, 702, 759, 796, 873, 923, 1095, 1155, 1225, 1285, 1325, 1369, 1482, 1551, 1565, 1669, 1737, 1820, 1854, 1917, 1987, 2033, 2126, 2197, 2259, 2362, 2428, 2509, 2563, 2634, 2687]
optimal = [true, true, true, true, true, true, true, true, true, true, true, true, true, true, true, false, true, true, true, true, true, true, true, true, true, true, true, true, true, true, true, true, true, true, true, true, true, true, true, true]
arrival_time = [0, 80, 140, 200, 260, 320, 380, 440, 500, 560, 620, 680, 740, 800, 860, 920, 980, 1040, 1100, 1160, 1220, 1280, 1340, 1400, 1460, 1520, 1580, 1640, 1700, 1760, 1820, 1880, 1940, 2000, 2060, 2120, 2180, 2240, 2300, 2360]
feasible = [true, true, true, true, true, true, true, true, true, true, true, true, true, true, true, true, true, true, true, true, true, true, true, true, true, true, true, true, true, true, true, true, true, true, true, true, true, true, true, true]
