fallback_feasible = [true, true, true, true, true, true, true, true, true, true, true, true, true, true, true, true, false, false, false, true, false]
cost = [[47.0, 0.0, 182.0, 0.0], [116.0, 0.0, 375.0, 0.0], [203.0, 0.0, 576.0, 0.0], [306.0, 1.0, 807.0, 0.0], [381.0, 0.0, 976.0, 0.0], [449.0, 0.0, 1251.0, 0.0], [633.0, 0.0, 1542.0, 0.0], [850.0, 0.0, 1833.0, 0.0], [622.0, 0.0, 2034.0, 0.0], [865.0, 0.0, 2292.0, 0.0], [964.0, 0.0, 2531.0, 0.0], [1044.0, 0.0, 2800.0, 0.0], [1154.0, 1.0, 3064.0, 0.0], [1295.0, 0.0, 3286.0, 0.0], [1668.0, 0.0, 3556.0, 0.0], [1516.0, 0.0, 3812.0, 0.0], [2284.0, 0.0, 4115.0, 0.0], [2368.0, 0.0, 4366.0, 0.0], [2794.0, 0.0, 4621.0, 0.0], [3366.0, 0.0, 4927.0, 0.0], [4583.0, 0.0, 5215.0, 0.0], [-1, -1, -1, -1]]
time = [0.54849624, 0.630590734, 0.691467512, 1.015782057, 0.876137226, 1.071633662, 0.791496099, 1.087237823, 1.171101495, 1.171081767, 1.246526649, 1.328857137, 1.409874834, 1.326142318, 1.297065819, 7.320937223, 1.965141879, 1.894845793, 2.315993972, 8.941547457, 44.677421194, 9.192606763]
optimality_gap = [0, 0, 0, 0, 0, 0, 0, 0, 0, 0, 0, 0, 0, 0, 0, 3, 0, 0, 0, 124, 1, 10000]
final_time = [47, 69, 87, 150, 144, 155, 184, 217, 221, 243, 283, 297, 331, 841, 854, 885, 412, 734, 797, 842, 778, -1]
makespans = [47, 29, 27, 70, 44, 35, 44, 57, 41, 43, 63, 57, 71, 561, 554, 565, 72, 374, 417, 442, 358, -441]
optimal = [true, true, true, true, true, true, true, true, true, true, true, true, true, true, true, false, true, true, true, false, false, false]
arrival_time = [0, 40, 60, 80, 100, 120, 140, 160, 180, 200, 220, 240, 260, 280, 300, 320, 340, 360, 380, 400, 420, 440]
feasible = [true, true, true, true, true, true, true, true, true, true, true, true, true, true, true, true, true, true, true, true, true, false]
