fallback_feasible = [true, true, true, true, true, true, true, true, true, true, true, true, true, true, true, true, true, true, true, true, true, true, true, true, true, true, true, true, true, true, true, true, true, true, true, true, true, true, true]
cost = [[99.0, 0.0, 426.0, 0.0], [268.0, 0.0, 856.0, 0.0], [376.0, 0.0, 1315.0, 0.0], [514.0, 0.0, 1769.0, 0.0], [1090.0, 0.0, 2548.0, 0.0], [1262.0, 0.0, 3115.0, 0.0], [1733.0, 2.0, 3675.0, 0.0], [1466.0, 0.0, 4083.0, 0.0], [1140.0, 0.0, 4548.0, 0.0], [1300.0, 0.0, 4995.0, 0.0], [2040.0, 0.0, 5465.0, 0.0], [2195.0, 0.0, 6001.0, 0.0], [2344.0, 0.0, 6530.0, 0.0], [1701.0, 0.0, 6985.0, 0.0], [1811.0, 0.0, 7455.0, 0.0], [1944.0, 0.0, 7892.0, 0.0], [2079.0, 0.0, 8381.0, 0.0], [2244.0, 0.0, 8964.0, 0.0], [2361.0, 1.0, 9565.0, 0.0], [3625.0, 0.0, 10037.0, 0.0], [2661.0, 0.0, 10778.0, 0.0], [4012.0, 0.0, 11311.0, 0.0], [4155.0, 0.0, 11778.0, 0.0], [2925.0, 0.0, 12287.0, 0.0], [4486.0, 0.0, 12779.0, 0.0], [3180.0, 0.0, 13271.0, 0.0], [-1, -1, -1, -1], [3487.0, 0.0, 14158.0, 0.0], [5296.0, 0.0, 14616.0, 0.0], [5437.0, 1.0, 15066.0, 0.0], [3784.0, 0.0, 15584.0, 0.0], [3940.0, 0.0, 16116.0, 0.0], [5961.0, 1.0, 16564.0, 0.0], [6109.0, 0.0, 17014.0, 0.0], [4237.0, 0.0, 17477.0, 0.0], [4334.0, 0.0, 17904.0, 0.0], [4439.0, 0.0, 18340.0, 0.0], [4569.0, 0.0, 18735.0, 0.0], [4729.0, 0.0, 19312.0, 0.0], [4852.0, 1.0, 19766.0, 0.0]]
time = [0.862273894, 1.060893014, 0.878653413, 2.963246497, 1.913513028, 1.720491978, 1.492956448, 1.182704036, 1.28320035, 1.276465442, 1.359257257, 1.360005905, 1.458875488, 1.193681096, 1.37994085, 1.224052034, 1.183042648, 1.570280642, 1.574763307, 9.35073256, 2.100394344, 2.008059861, 3.20758016, 1.532892427, 1.507033357, 1.680078981, 9.154438495, 2.315787831, 1.969219821, 1.894794828, 1.561088578, 1.929343253, 1.941413559, 1.678157172, 1.863669784, 1.446111331, 1.928252264, 1.83207617, 1.878419814, 2.224412073]
optimality_gap = [0, 0, 0, 1, 0, 0, 0, 0, 0, 0, 0, 0, 0, 0, 0, 0, 0, 0, 0, 3, 0, 0, 0, 0, 0, 0, 10000, 0, 0, 0, 0, 0, 0, 0, 0, 0, 0, 0, 0, 0]
final_time = [99, 169, 309, 409, 372, 481, 471, 514, 626, 674, 740, 781, 823, 878, 933, 1011, 1068, 1178, 1197, 1349, 1312, 1351, 1455, 1470, 1561, 1619, 1701, 1786, 1809, 1842, 1942, 1998, 2021, 2090, 2147, 2187, 2252, 2317, 2412, 2440]
makespans = [99, 89, 169, 209, 112, 161, 91, 74, 126, 114, 120, 101, 83, 78, 73, 91, 88, 138, 97, 189, 92, 71, 115, 70, 101, 99, 121, 146, 109, 82, 122, 118, 81, 90, 87, 67, 72, 77, 112, 80]
optimal = [true, true, true, false, true, true, true, true, true, true, true, true, true, true, true, true, true, true, true, false, true, true, true, true, true, true, false, true, true, true, true, true, true, true, true, true, true, true, true, true]
arrival_time = [0, 80, 140, 200, 260, 320, 380, 440, 500, 560, 620, 680, 740, 800, 860, 920, 980, 1040, 1100, 1160, 1220, 1280, 1340, 1400, 1460, 1520, 1580, 1640, 1700, 1760, 1820, 1880, 1940, 2000, 2060, 2120, 2180, 2240, 2300, 2360]
feasible = [true, true, true, true, true, true, true, true, true, true, true, true, true, true, true, true, true, true, true, true, true, true, true, true, true, true, false, true, true, true, true, true, true, true, true, true, true, true, true, true]
