fallback_feasible = [true, true, true, true, true, true, true, true, true, true, true, true, true, true, true, true, true, true, true, true, false, true, true, true, false, true, false, true, true, true, false, true, true, true, true, true, true, true, true]
cost = [[106.0, 0.0, 431.0, 0.0], [208.0, 0.0, 930.0, 0.0], [309.0, 0.0, 1383.0, 0.0], [395.0, 0.0, 1791.0, 0.0], [489.0, 1.0, 2181.0, 0.0], [590.0, 0.0, 2615.0, 0.0], [694.0, 0.0, 3078.0, 0.0], [838.0, 0.0, 3537.0, 0.0], [909.0, 0.0, 3970.0, 0.0], [1021.0, 0.0, 4432.0, 0.0], [1128.0, 0.0, 4876.0, 0.0], [1234.0, 0.0, 5365.0, 0.0], [1350.0, 0.0, 5840.0, 0.0], [1482.0, 0.0, 6271.0, 0.0], [1600.0, 0.0, 6812.0, 0.0], [1697.0, 0.0, 7289.0, 0.0], [1801.0, 0.0, 7763.0, 0.0], [1886.0, 0.0, 8221.0, 0.0], [1965.0, 0.0, 8685.0, 0.0], [2085.0, 0.0, 9120.0, 0.0], [2198.0, 0.0, 9586.0, 0.0], [2335.0, 0.0, 10041.0, 0.0], [2427.0, 0.0, 10430.0, 0.0], [2530.0, 0.0, 10893.0, 0.0], [2639.0, 0.0, 11291.0, 0.0], [2740.0, 0.0, 11710.0, 0.0], [2853.0, 0.0, 12121.0, 0.0], [2974.0, 0.0, 12596.0, 0.0], [3098.0, 1.0, 13085.0, 0.0], [3198.0, 0.0, 13511.0, 0.0], [3333.0, 0.0, 13987.0, 0.0], [3415.0, 0.0, 14435.0, 0.0], [3510.0, 0.0, 14758.0, 0.0], [3617.0, 1.0, 15219.0, 0.0], [3700.0, 0.0, 15668.0, 0.0], [3806.0, 0.0, 16153.0, 0.0], [3920.0, 0.0, 16625.0, 0.0], [4055.0, 0.0, 17121.0, 0.0], [4186.0, 0.0, 17525.0, 0.0], [4319.0, 0.0, 17962.0, 0.0]]
time = [0.679511609, 1.089900699, 0.981939942, 1.088387995, 0.820154033, 1.096913864, 1.216905147, 1.2935259, 0.955419958, 1.249250067, 1.230091321, 1.350875609, 1.402525176, 1.397658507, 1.546832573, 1.415814442, 1.495573729, 1.517337037, 1.502613133, 1.604486272, 1.653861048, 1.657248993, 1.702341493, 1.808367857, 2.072106281, 2.127788656, 1.940686289, 1.989510974, 2.349981564, 2.096095644, 2.372095632, 2.351232789, 2.233782848, 2.462691522, 2.323461569, 2.534709132, 2.674150633, 2.533685784, 2.836214979, 3.090007424]
optimality_gap = [0, 0, 0, 0, 0, 0, 0, 0, 0, 0, 0, 0, 0, 0, 0, 0, 0, 0, 0, 0, 0, 0, 0, 0, 0, 0, 0, 0, 0, 0, 0, 0, 0, 0, 0, 0, 0, 0, 0, 0]
final_time = [106, 208, 309, 395, 489, 590, 694, 838, 909, 1021, 1128, 1234, 1350, 1482, 1600, 1697, 1801, 1886, 1965, 2085, 2198, 2335, 2427, 2530, 2639, 2740, 2853, 2974, 3098, 3198, 3333, 3415, 3510, 3617, 3700, 3806, 3920, 4055, 4186, 4319]
makespans = [106, 148, 209, 255, 309, 370, 434, 538, 569, 641, 708, 774, 850, 942, 1020, 1077, 1141, 1186, 1225, 1305, 1378, 1475, 1527, 1590, 1659, 1720, 1793, 1874, 1958, 2018, 2113, 2155, 2210, 2277, 2320, 2386, 2460, 2555, 2646, 2739]
optimal = [true, true, true, true, true, true, true, true, true, true, true, true, true, true, true, true, true, true, true, true, true, true, true, true, true, true, true, true, true, true, true, true, true, true, true, true, true, true, true, true]
arrival_time = [0, 60, 100, 140, 180, 220, 260, 300, 340, 380, 420, 460, 500, 540, 580, 620, 660, 700, 740, 780, 820, 860, 900, 940, 980, 1020, 1060, 1100, 1140, 1180, 1220, 1260, 1300, 1340, 1380, 1420, 1460, 1500, 1540, 1580]
feasible = [true, true, true, true, true, true, true, true, true, true, true, true, true, true, true, true, true, true, true, true, true, true, true, true, true, true, true, true, true, true, true, true, true, true, true, true, true, true, true, true]
