fallback_feasible = [true, false, true, true, true, false, true, false, true, true, true, true, true, true, false, true, false, true, true, true, true, true, true, true, false, false, true, true, true, true, true, true, true, true, true, true, true, true, false]
cost = [[110.0, 0.0, 725.0, 0.0], [291.0, 0.0, 1446.0, 0.0], [460.0, 0.0, 2166.0, 0.0], [549.0, 0.0, 2834.0, 0.0], [650.0, 1.0, 3581.0, 0.0], [751.0, 0.0, 4284.0, 0.0], [839.0, 0.0, 4914.0, 0.0], [942.0, 0.0, 5545.0, 0.0], [1072.0, 0.0, 6278.0, 0.0], [1168.0, 0.0, 6963.0, 0.0], [1264.0, 0.0, 7658.0, 0.0], [1382.0, 0.0, 8354.0, 0.0], [1664.0, 0.0, 9013.0, 0.0], [1787.0, 0.0, 9751.0, 0.0], [1924.0, 0.0, 10481.0, 0.0], [2036.0, 0.0, 11169.0, 0.0], [2207.0, 0.0, 11893.0, 0.0], [2334.0, 0.0, 12595.0, 0.0], [2441.0, 0.0, 13264.0, 0.0], [2541.0, 0.0, 13954.0, 0.0], [2650.0, 0.0, 14689.0, 0.0], [2747.0, 0.0, 15490.0, 0.0], [2860.0, 0.0, 16161.0, 0.0], [2926.0, 0.0, 16780.0, 0.0], [3013.0, 0.0, 17487.0, 0.0], [3169.0, 0.0, 18204.0, 0.0], [3317.0, 0.0, 18999.0, 0.0], [3483.0, 0.0, 19760.0, 0.0], [3575.0, 0.0, 20519.0, 0.0], [3684.0, 0.0, 21181.0, 0.0], [3806.0, 0.0, 21862.0, 0.0], [4011.0, 0.0, 22525.0, 0.0], [4142.0, 0.0, 23224.0, 0.0], [4269.0, 0.0, 23906.0, 0.0], [4379.0, 0.0, 24551.0, 0.0], [4515.0, 0.0, 25293.0, 0.0], [4611.0, 0.0, 26039.0, 0.0], [4739.0, 0.0, 26632.0, 0.0], [4856.0, 0.0, 27358.0, 0.0], [4953.0, 0.0, 28089.0, 0.0]]
time = [1.220287878, 1.475913186, 1.534848628, 1.471143134, 1.459353545, 1.514813361, 1.411213844, 1.631897268, 1.884650097, 1.681442816, 1.663675689, 1.892798906, 2.039752758, 2.189326027, 2.004394606, 2.217173415, 2.320247068, 2.22149183, 2.370012153, 2.40039079, 2.55081138, 2.586068934, 2.754758089, 2.640766789, 2.830815694, 2.895672605, 3.036403598, 3.046508436, 3.046031669, 3.047472069, 3.09114396, 3.560129567, 3.535449061, 3.721946963, 3.695265036, 3.886883463, 3.845231407, 3.955307983, 4.092531218, 4.49745359]
optimality_gap = [0, 0, 0, 0, 0, 0, 0, 0, 0, 0, 0, 0, 0, 0, 0, 0, 0, 0, 0, 0, 0, 0, 0, 0, 0, 0, 0, 0, 0, 0, 0, 0, 0, 0, 0, 0, 0, 0, 0, 0]
final_time = [110, 291, 460, 549, 650, 751, 839, 942, 1072, 1168, 1264, 1382, 1664, 1787, 1924, 2036, 2207, 2334, 2441, 2541, 2650, 2747, 2860, 2926, 3013, 3169, 3317, 3483, 3575, 3684, 3806, 4011, 4142, 4269, 4379, 4515, 4611, 4739, 4856, 4953]
makespans = [110, 201, 300, 319, 350, 381, 399, 432, 492, 518, 544, 592, 804, 857, 924, 966, 1067, 1124, 1161, 1191, 1230, 1257, 1300, 1296, 1313, 1399, 1477, 1573, 1595, 1634, 1686, 1821, 1882, 1939, 1979, 2045, 2071, 2129, 2176, 2203]
optimal = [true, true, true, true, true, true, true, true, true, true, true, true, true, true, true, true, true, true, true, true, true, true, true, true, true, true, true, true, true, true, true, true, true, true, true, true, true, true, true, true]
arrival_time = [0, 90, 160, 230, 300, 370, 440, 510, 580, 650, 720, 790, 860, 930, 1000, 1070, 1140, 1210, 1280, 1350, 1420, 1490, 1560, 1630, 1700, 1770, 1840, 1910, 1980, 2050, 2120, 2190, 2260, 2330, 2400, 2470, 2540, 2610, 2680, 2750]
feasible = [true, true, true, true, true, true, true, true, true, true, true, true, true, true, true, true, true, true, true, true, true, true, true, true, true, true, true, true, true, true, true, true, true, true, true, true, true, true, true, true]
