fallback_feasible = [true, true, true, true, true, true, true, true, true, true, true, true, false, false, false, false, false]
cost = [[92.0, 0.0, 448.0, 0.0], [279.0, 0.0, 872.0, 0.0], [462.0, 0.0, 1422.0, 0.0], [-1, -1, -1, -1], [979.0, 1.0, 2332.0, 0.0], [933.0, 0.0, 2862.0, 0.0], [1265.0, 0.0, 3327.0, 0.0], [1634.0, 1.0, 3843.0, 0.0], [1168.0, 0.0, 4260.0, 0.0], [958.0, 0.0, 4785.0, 0.0], [1485.0, 0.0, 5336.0, 0.0], [2161.0, 0.0, 5801.0, 0.0], [2561.0, 0.0, 6385.0, 0.0], [3623.0, 0.0, 7195.0, 0.0], [4284.0, 0.0, 7783.0, 0.0], [5009.0, 0.0, 8360.0, 0.0], [5935.0, 1.0, 9377.0, 0.0], [-1, -1, -1, -1]]
time = [0.910190106, 0.947517514, 1.282839172, 9.33674248, 1.950834204, 1.750645453, 1.807736445, 1.298988126, 1.504641406, 1.329500201, 1.885629903, 4.957764794, 7.607323994, 5.367468489, 6.016530042, 10.811436146, 11.3512515, 11.218948414]
optimality_gap = [0, 0, 0, 10000, 0, 0, 0, 0, 0, 0, 0, 142, 90, 0, 0, 1, 11, 10000]
final_time = [92, 187, 183, 309, 300, 324, 332, 369, 469, 643, 1109, 1115, 1072, 984, 993, 1035, 1018, -1]
makespans = [92, 127, 83, 169, 120, 104, 72, 69, 129, 263, 689, 655, 572, 444, 413, 415, 358, -701]
optimal = [true, true, true, false, true, true, true, true, true, true, true, false, false, true, true, false, false, false]
arrival_time = [0, 60, 100, 140, 180, 220, 260, 300, 340, 380, 420, 460, 500, 540, 580, 620, 660, 700]
feasible = [true, true, true, false, true, true, true, true, true, true, true, true, true, true, true, true, true, false]
