fallback_feasible = [true, true, true, true, false, true, true, true, false, false, false, false, true, true, true, false, true, true, true, true, true, true, false, false, true, false, true, true, true, true, true, true, true, true, true, false, false, true, true]
cost = [[105.0, 0.0, 253.0, 0.0], [234.0, 0.0, 470.0, 0.0], [363.0, 0.0, 727.0, 0.0], [487.0, 2.0, 965.0, 0.0], [645.0, 0.0, 1152.0, 0.0], [720.0, 0.0, 1335.0, 0.0], [549.0, 0.0, 1600.0, 0.0], [797.0, 0.0, 1859.0, 0.0], [912.0, 0.0, 2126.0, 0.0], [1253.0, 0.0, 2393.0, 0.0], [1549.0, 0.0, 2670.0, 0.0], [1899.0, 0.0, 2917.0, 0.0], [2205.0, 1.0, 3206.0, 0.0], [2287.0, 0.0, 3404.0, 0.0], [2378.0, 0.0, 3672.0, 0.0], [2176.0, 0.0, 3931.0, 0.0], [2599.0, 0.0, 4172.0, 0.0], [1984.0, 0.0, 4412.0, 0.0], [2105.0, 0.0, 4661.0, 0.0], [2228.0, 0.0, 4984.0, 0.0], [2305.0, 0.0, 5228.0, 0.0], [1976.0, 0.0, 5502.0, 0.0], [2525.0, 0.0, 5755.0, 0.0], [3331.0, 0.0, 6054.0, 0.0], [3908.0, 0.0, 6251.0, 0.0], [3993.0, 1.0, 6537.0, 0.0], [4063.0, 1.0, 6796.0, 0.0], [4698.0, 2.0, 7088.0, 0.0], [4268.0, 0.0, 7338.0, 0.0], [3196.0, 0.0, 7628.0, 0.0], [2671.0, 1.0, 7852.0, 0.0], [3378.0, 0.0, 8098.0, 0.0], [3484.0, 0.0, 8322.0, 0.0], [3538.0, 0.0, 8504.0, 0.0], [3631.0, 0.0, 8754.0, 0.0], [3024.0, 0.0, 8989.0, 0.0], [4129.0, 1.0, 9432.0, 0.0], [5007.0, 0.0, 9761.0, 0.0], [5851.0, 0.0, 9973.0, 0.0], [6000.0, 0.0, 10267.0, 0.0]]
time = [0.690493137, 0.593521007, 0.720505075, 1.429106248, 1.248951588, 1.310957498, 0.70777524, 1.144780684, 4.668856546, 1.89370461, 1.803735162, 1.855615413, 1.882895889, 2.147920048, 2.17548621, 1.734843932, 1.454969423, 1.125203386, 1.300063523, 1.11310417, 1.361095979, 1.480263591, 3.25816736, 2.034708982, 1.734656158, 1.822117737, 1.760752729, 1.568230197, 1.386514416, 1.297561895, 1.317001936, 1.504472449, 1.244168646, 1.150040308, 1.315865567, 5.471587581, 2.164770862, 2.323003414, 2.346870398, 2.606425812]
optimality_gap = [0, 0, 0, 0, 0, 0, 0, 0, 3, 0, 0, 0, 0, 0, 0, 0, 0, 0, 0, 0, 0, 0, 26, 0, 0, 0, 0, 0, 0, 0, 0, 0, 0, 0, 0, 3, 0, 0, 0, 0]
final_time = [105, 129, 129, 124, 158, 180, 290, 342, 357, 264, 296, 350, 306, 346, 381, 400, 423, 423, 567, 504, 555, 575, 606, 524, 577, 589, 594, 635, 692, 669, 675, 707, 808, 781, 846, 859, 835, 878, 844, 930]
makespans = [105, 89, 69, 44, 58, 60, 150, 182, 177, 64, 76, 110, 46, 66, 81, 80, 83, 63, 187, 104, 135, 135, 146, 44, 77, 69, 54, 75, 112, 69, 55, 67, 148, 101, 146, 139, 95, 118, 64, 130]
optimal = [true, true, true, true, true, true, true, true, false, true, true, true, true, true, true, true, true, true, true, true, true, true, false, true, true, true, true, true, true, true, true, true, true, true, true, false, true, true, true, true]
arrival_time = [0, 40, 60, 80, 100, 120, 140, 160, 180, 200, 220, 240, 260, 280, 300, 320, 340, 360, 380, 400, 420, 440, 460, 480, 500, 520, 540, 560, 580, 600, 620, 640, 660, 680, 700, 720, 740, 760, 780, 800]
feasible = [true, true, true, true, true, true, true, true, true, true, true, true, true, true, true, true, true, true, true, true, true, true, true, true, true, true, true, true, true, true, true, true, true, true, true, true, true, true, true, true]
