fallback_feasible = [true, true, true, true, true, true, true, true, false, false, true, true, false, false]
cost = [[106.0, 0.0, 431.0, 0.0], [248.0, 0.0, 885.0, 0.0], [425.0, 0.0, 1337.0, 0.0], [526.0, 3.0, 1759.0, 0.0], [642.0, 0.0, 2197.0, 0.0], [953.0, 0.0, 2999.0, 0.0], [1297.0, 1.0, 3559.0, 0.0], [1726.0, 0.0, 4030.0, 0.0], [1891.0, 2.0, 4758.0, 0.0], [2363.0, 1.0, 5361.0, 0.0], [2480.0, 3.0, 6081.0, 0.0], [2613.0, 0.0, 6424.0, 0.0], [3648.0, 0.0, 7359.0, 0.0], [4304.0, 0.0, 7764.0, 0.0], [-1, -1, -1, -1]]
time = [0.905398264, 1.384495781, 1.286179772, 1.357938132, 3.603122915, 2.432982473, 2.704840652, 10.297779321, 3.067975746, 2.866894045, 3.026320806, 6.831593317, 4.403713062, 18.024141225, 15.964274929]
optimality_gap = [0, 0, 0, 0, 1, 0, 0, 2, 0, 0, 0, 18, 0, 2, 10000]
final_time = [106, 142, 177, 297, 726, 299, 436, 797, 390, 530, 722, 779, 699, 774, -1]
makespans = [106, 82, 77, 157, 546, 79, 176, 497, 50, 150, 302, 319, 199, 234, -581]
optimal = [true, true, true, true, false, true, true, false, true, true, true, false, true, false, false]
arrival_time = [0, 60, 100, 140, 180, 220, 260, 300, 340, 380, 420, 460, 500, 540, 580]
feasible = [true, true, true, true, true, true, true, true, true, true, true, true, true, true, false]
