fallback_feasible = [true, true, true, true, true, true, true, true, true, true, true, true, true, true, true, true, true, true, true, true, true, false, true, true, true, true, true, true, true, true, true, true, true, true, true, true, true, true, true]
cost = [[125.0, 0.0, 467.0, 0.0], [260.0, 0.0, 875.0, 0.0], [452.0, 0.0, 1329.0, 0.0], [552.0, 1.0, 1830.0, 0.0], [685.0, 0.0, 2278.0, 0.0], [815.0, 0.0, 2718.0, 0.0], [946.0, 0.0, 3222.0, 0.0], [1067.0, 0.0, 3724.0, 0.0], [1169.0, 0.0, 4123.0, 0.0], [1329.0, 0.0, 4565.0, 0.0], [1477.0, 0.0, 5001.0, 0.0], [1641.0, 0.0, 5608.0, 0.0], [2214.0, 1.0, 6068.0, 0.0], [2335.0, 0.0, 6620.0, 0.0], [2492.0, 0.0, 7135.0, 0.0], [2096.0, 0.0, 7708.0, 0.0], [2216.0, 0.0, 8297.0, 0.0], [3012.0, 0.0, 8764.0, 0.0], [3139.0, 0.0, 9224.0, 0.0], [2496.0, 1.0, 9707.0, 0.0], [2630.0, 0.0, 10197.0, 0.0], [2759.0, 0.0, 10772.0, 0.0], [2922.0, 0.0, 11279.0, 0.0], [2999.0, 1.0, 11768.0, 0.0], [3133.0, 0.0, 12183.0, 0.0], [3246.0, 0.0, 12646.0, 0.0], [3357.0, 0.0, 13120.0, 0.0], [4706.0, 0.0, 13805.0, 0.0], [4841.0, 1.0, 14439.0, 0.0], [6127.0, 0.0, 14969.0, 0.0], [5046.0, 0.0, 15468.0, 0.0], [3934.0, 0.0, 15964.0, 0.0], [4065.0, 0.0, 16522.0, 0.0], [4212.0, 0.0, 17042.0, 0.0], [4331.0, 0.0, 17530.0, 0.0], [5806.0, 0.0, 17835.0, 0.0], [4466.0, 0.0, 18220.0, 0.0], [3110.0, 1.0, 18645.0, 0.0], [3232.0, 0.0, 19159.0, 0.0], [4897.0, 0.0, 19637.0, 0.0]]
time = [0.798064409, 1.134558211, 1.357871522, 1.481846787, 1.523899784, 1.57718462, 1.586025048, 1.648369277, 1.691784154, 1.598494729, 1.442323454, 1.692507519, 2.01886321, 1.557029044, 1.678222633, 1.90563346, 2.115063453, 1.776634217, 1.674362333, 1.686517112, 1.332301165, 1.643332859, 1.748043455, 1.900715308, 1.375858749, 1.331111094, 9.235133685, 2.228164462, 2.111990368, 4.715044089, 1.91999779, 1.656333221, 1.70898371, 1.810666613, 2.087334318, 1.800874768, 1.351503088, 1.638367727, 1.604056799, 1.74830772]
optimality_gap = [0, 0, 0, 0, 0, 0, 0, 0, 0, 0, 0, 0, 0, 0, 0, 0, 0, 0, 0, 0, 0, 0, 0, 0, 0, 0, 2, 0, 0, 0, 0, 0, 0, 0, 0, 0, 0, 0, 0, 0]
final_time = [125, 135, 192, 225, 268, 322, 356, 389, 424, 516, 537, 588, 573, 637, 694, 765, 757, 796, 821, 879, 930, 950, 1042, 1007, 1098, 1195, 1229, 1184, 1233, 1286, 1298, 1350, 1417, 1445, 1469, 1475, 1522, 1588, 1644, 1665]
makespans = [125, 75, 92, 85, 88, 102, 96, 89, 84, 136, 117, 128, 73, 97, 114, 145, 97, 96, 81, 99, 110, 90, 142, 67, 118, 175, 169, 84, 93, 106, 78, 90, 117, 105, 89, 55, 62, 88, 104, 85]
optimal = [true, true, true, true, true, true, true, true, true, true, true, true, true, true, true, true, true, true, true, true, true, true, true, true, true, true, false, true, true, true, true, true, true, true, true, true, true, true, true, true]
arrival_time = [0, 60, 100, 140, 180, 220, 260, 300, 340, 380, 420, 460, 500, 540, 580, 620, 660, 700, 740, 780, 820, 860, 900, 940, 980, 1020, 1060, 1100, 1140, 1180, 1220, 1260, 1300, 1340, 1380, 1420, 1460, 1500, 1540, 1580]
feasible = [true, true, true, true, true, true, true, true, true, true, true, true, true, true, true, true, true, true, true, true, true, true, true, true, true, true, true, true, true, true, true, true, true, true, true, true, true, true, true, true]
