fallback_feasible = [true, false]
cost = [[163.0, 0.0, 584.0, 0.0], [443.0, 0.0, 1290.0, 0.0], [-1, -1, -1, -1]]
time = [1.148988195, 15.448845766, 15.985219754]
optimality_gap = [0, 53, 10000]
final_time = [163, 397, -1]
makespans = [163, 307, -161]
optimal = [true, false, false]
arrival_time = [0, 90, 160]
feasible = [true, true, false]
