fallback_feasible = [true, true, true, false]
cost = [[163.0, 0.0, 584.0, 0.0], [443.0, 0.0, 1309.0, 0.0], [916.0, 0.0, 2107.0, 0.0], [-1, -1, -1, -1], [-1, -1, -1, -1]]
time = [1.078920478, 15.191416062, 16.585785883, 9.870198997, 10.40432968]
optimality_gap = [0, 33, 55, 10000, 10000]
final_time = [163, 400, 498, 611, -1]
makespans = [163, 310, 338, 381, -301]
optimal = [true, false, false, false, false]
arrival_time = [0, 90, 160, 230, 300]
feasible = [true, true, true, false, false]
