fallback_feasible = [true, false, true, true, true, true, false]
cost = [[112.0, 0.0, 821.0, 0.0], [337.0, 0.0, 1720.0, 0.0], [531.0, 0.0, 2638.0, 0.0], [714.0, 0.0, 3465.0, 0.0], [853.0, 1.0, 4072.0, 0.0], [1186.0, 2.0, 5336.0, 0.0], [-1, -1, -1, -1], [-1, -1, -1, -1]]
time = [1.026510007, 1.532397564, 2.287682705, 1.482549741, 15.472411221, 5.986275024, 9.866539005, 17.465289723]
optimality_gap = [0, 0, 0, 0, 16, 48, 10000, 10000]
final_time = [112, 225, 306, 408, 557, 764, 821, -1]
makespans = [112, 125, 126, 148, 217, 344, 321, -581]
optimal = [true, true, true, true, false, false, false, false]
arrival_time = [0, 100, 180, 260, 340, 420, 500, 580]
feasible = [true, true, true, true, true, true, false, false]
