fallback_feasible = [true, true, true, true, false]
cost = [[112.0, 0.0, 821.0, 0.0], [337.0, 0.0, 1693.0, 0.0], [534.0, 0.0, 2637.0, 0.0], [720.0, 0.0, 3424.0, 0.0], [-1, -1, -1, -1], [-1, -1, -1, -1]]
time = [1.095825478, 1.967747183, 5.136374362, 16.115525569, 16.147683098, 10.104541443]
optimality_gap = [0, 0, 0, 7, 10000, 10000]
final_time = [112, 225, 309, 525, 601, -1]
makespans = [112, 125, 129, 265, 261, -421]
optimal = [true, true, true, false, false, false]
arrival_time = [0, 100, 180, 260, 340, 420]
feasible = [true, true, true, true, false, false]
