fallback_feasible = [true, true, true, true, true, true, true, true, true, false, true, true, true, true, true, true, true, true, true, true, true, true, true, false, true, true, true, true, true, true, true, true, true, true, true, true, true, true, true]
cost = [[95.0, 0.0, 204.0, 0.0], [209.0, 0.0, 433.0, 0.0], [363.0, 0.0, 703.0, 0.0], [482.0, 0.0, 968.0, 0.0], [582.0, 0.0, 1201.0, 0.0], [683.0, 0.0, 1490.0, 0.0], [957.0, 0.0, 1755.0, 0.0], [819.0, 0.0, 1966.0, 0.0], [1131.0, 0.0, 2188.0, 0.0], [1011.0, 0.0, 2517.0, 0.0], [1107.0, 0.0, 2816.0, 0.0], [1230.0, 0.0, 3122.0, 0.0], [1867.0, 0.0, 3477.0, 0.0], [2317.0, 0.0, 3727.0, 0.0], [2811.0, 0.0, 3937.0, 0.0], [2023.0, 0.0, 4191.0, 0.0], [2113.0, 0.0, 4423.0, 0.0], [1715.0, 0.0, 4676.0, 0.0], [1816.0, 0.0, 4931.0, 0.0], [1862.0, 0.0, 5103.0, 0.0], [2015.0, 0.0, 5425.0, 0.0], [2145.0, 0.0, 5675.0, 0.0], [2245.0, 0.0, 5914.0, 0.0], [3237.0, 0.0, 6267.0, 0.0], [4054.0, 1.0, 6583.0, 0.0], [4905.0, 0.0, 6860.0, 0.0], [5403.0, 0.0, 7244.0, 0.0], [6315.0, 0.0, 7573.0, 0.0], [7245.0, 0.0, 7818.0, 0.0], [7384.0, 0.0, 8050.0, 0.0], [4798.0, 1.0, 8434.0, 0.0], [3040.0, 0.0, 8714.0, 0.0], [4130.0, 0.0, 8968.0, 0.0], [5223.0, 0.0, 9165.0, 0.0], [3299.0, 0.0, 9425.0, 0.0], [4429.0, 0.0, 9675.0, 0.0], [4533.0, 0.0, 9913.0, 0.0], [3541.0, 0.0, 10180.0, 0.0], [3676.0, 0.0, 10537.0, 0.0], [4943.0, 0.0, 10761.0, 0.0]]
time = [0.469170111, 0.76034345, 0.678823218, 0.682177614, 1.17618249, 0.877723554, 0.750301082, 0.782452417, 0.998012818, 0.914510329, 1.073906955, 3.412264292, 1.404477714, 1.481726537, 1.304479326, 1.089328827, 0.938922474, 1.00504346, 1.232893172, 0.727374684, 0.858876881, 0.880870259, 3.326324225, 2.038604303, 1.710096158, 7.061400904, 2.299885489, 1.973329303, 2.050691916, 1.72959504, 1.25119674, 0.866743336, 1.239234527, 1.097198016, 1.283870448, 1.319673642, 1.191077422, 1.145551685, 1.449579127, 1.439840818]
optimality_gap = [0, 0, 0, 0, 0, 0, 0, 0, 0, 0, 0, 1, 0, 0, 0, 0, 0, 0, 0, 0, 0, 0, 1, 0, 0, 1, 0, 0, 0, 0, 0, 0, 0, 0, 0, 0, 0, 0, 0, 0]
final_time = [95, 114, 154, 214, 214, 255, 274, 290, 312, 484, 451, 496, 436, 450, 494, 549, 574, 592, 650, 620, 900, 901, 907, 770, 897, 929, 869, 912, 930, 1008, 1019, 1013, 1090, 1093, 1116, 1130, 1194, 1217, 1265, 1267]
makespans = [95, 64, 74, 104, 74, 85, 74, 60, 52, 194, 131, 146, 56, 40, 54, 79, 74, 62, 90, 30, 280, 251, 227, 60, 157, 159, 69, 82, 70, 118, 99, 63, 110, 83, 76, 60, 94, 87, 105, 77]
optimal = [true, true, true, true, true, true, true, true, true, true, true, false, true, true, true, true, true, true, true, true, true, true, false, true, true, false, true, true, true, true, true, true, true, true, true, true, true, true, true, true]
arrival_time = [0, 50, 80, 110, 140, 170, 200, 230, 260, 290, 320, 350, 380, 410, 440, 470, 500, 530, 560, 590, 620, 650, 680, 710, 740, 770, 800, 830, 860, 890, 920, 950, 980, 1010, 1040, 1070, 1100, 1130, 1160, 1190]
feasible = [true, true, true, true, true, true, true, true, true, true, true, true, true, true, true, true, true, true, true, true, true, true, true, true, true, true, true, true, true, true, true, true, true, true, true, true, true, true, true, true]
