fallback_feasible = [true, true, true, true, false, true, true, true, true, true, true, true, true, true, true, true, true, false, true, true, true, true, false]
cost = [[92.0, 0.0, 232.0, 0.0], [237.0, 0.0, 537.0, 0.0], [433.0, 0.0, 871.0, 0.0], [549.0, 1.0, 1136.0, 0.0], [781.0, 1.0, 1432.0, 0.0], [889.0, 2.0, 1688.0, 0.0], [1212.0, 0.0, 1994.0, 0.0], [1131.0, 0.0, 2280.0, 0.0], [1295.0, 0.0, 2555.0, 0.0], [1422.0, 1.0, 2827.0, 0.0], [1795.0, 0.0, 3001.0, 0.0], [1614.0, 0.0, 3254.0, 0.0], [2084.0, 0.0, 3500.0, 0.0], [1778.0, 2.0, 3709.0, 0.0], [1442.0, 0.0, 3942.0, 0.0], [1965.0, 0.0, 4167.0, 0.0], [1609.0, 0.0, 4486.0, 0.0], [1715.0, 0.0, 4730.0, 0.0], [1889.0, 0.0, 5001.0, 0.0], [2552.0, 1.0, 5236.0, 0.0], [2089.0, 0.0, 5486.0, 0.0], [2875.0, 1.0, 5703.0, 0.0], [2973.0, 0.0, 5910.0, 0.0], [-1, -1, -1, -1]]
time = [0.73592434, 0.702701107, 1.054874918, 1.25208178, 1.270624368, 1.247088805, 1.396015481, 1.2842112, 1.483707572, 1.600149512, 5.53573126, 1.54628977, 1.492441709, 1.825342089, 1.813977851, 1.503724532, 1.822746919, 1.836443134, 2.327890374, 1.964515122, 7.278327048, 2.340782964, 9.891847568, 4.884706895]
optimality_gap = [0, 0, 0, 0, 0, 0, 0, 0, 0, 0, 2, 0, 0, 0, 0, 0, 0, 0, 0, 0, 2, 0, 2, 10000]
final_time = [92, 145, 196, 208, 232, 253, 323, 323, 398, 380, 406, 430, 470, 472, 500, 523, 586, 606, 697, 664, 791, 723, 821, -1]
makespans = [92, 95, 116, 98, 92, 83, 123, 93, 138, 90, 86, 80, 90, 62, 60, 53, 86, 76, 137, 74, 171, 73, 141, -711]
optimal = [true, true, true, true, true, true, true, true, true, true, false, true, true, true, true, true, true, true, true, true, false, true, false, false]
arrival_time = [0, 50, 80, 110, 140, 170, 200, 230, 260, 290, 320, 350, 380, 410, 440, 470, 500, 530, 560, 590, 620, 650, 680, 710]
feasible = [true, true, true, true, true, true, true, true, true, true, true, true, true, true, true, true, true, true, true, true, true, true, true, false]
