fallback_feasible = [true, true, true, true, true, true, true, true, true, true, true, true, true, false, false, false, false]
cost = [[104.0, 0.0, 575.0, 0.0], [276.0, 0.0, 1263.0, 0.0], [466.0, 0.0, 1971.0, 0.0], [684.0, 0.0, 2701.0, 0.0], [847.0, 1.0, 3425.0, 0.0], [943.0, 0.0, 4040.0, 0.0], [1079.0, 0.0, 4675.0, 0.0], [1259.0, 0.0, 5383.0, 0.0], [1425.0, 0.0, 6099.0, 0.0], [1643.0, 0.0, 6893.0, 0.0], [1808.0, 0.0, 7650.0, 0.0], [2808.0, 0.0, 8331.0, 0.0], [2165.0, 0.0, 9059.0, 0.0], [3761.0, 0.0, 10079.0, 0.0], [4977.0, 0.0, 10882.0, 0.0], [4204.0, 0.0, 11686.0, 0.0], [5902.0, 0.0, 12923.0, 0.0], [-1, -1, -1, -1]]
time = [1.226036889, 1.408625872, 1.579932747, 1.625107411, 1.602879109, 1.565736667, 1.456862202, 1.611949959, 1.937602017, 1.825822308, 2.129197319, 2.082117073, 4.526167918, 4.575878289, 4.266855973, 28.19773989, 12.393828451, 23.244582541]
optimality_gap = [0, 0, 0, 0, 0, 0, 0, 0, 0, 0, 0, 0, 17, 0, 0, 271, 9, 10000]
final_time = [104, 172, 294, 390, 457, 486, 593, 666, 759, 884, 924, 1186, 1890, 1178, 1293, 1833, 1751, -1]
makespans = [104, 72, 114, 130, 117, 66, 93, 86, 99, 144, 104, 286, 910, 118, 153, 613, 451, -1381]
optimal = [true, true, true, true, true, true, true, true, true, true, true, true, false, true, true, false, false, false]
arrival_time = [0, 100, 180, 260, 340, 420, 500, 580, 660, 740, 820, 900, 980, 1060, 1140, 1220, 1300, 1380]
feasible = [true, true, true, true, true, true, true, true, true, true, true, true, true, true, true, true, true, false]
