fallback_feasible = [true, true, true, true, true, true, true, true, false, true, true, true, true, false, true, true, true, true, true, true, true, true, true, true, true, true, true, false, true, true, true, true, true, true, true, true, true, true, true]
cost = [[87.0, 0.0, 242.0, 0.0], [153.0, 0.0, 482.0, 0.0], [259.0, 0.0, 755.0, 0.0], [362.0, 0.0, 1014.0, 0.0], [433.0, 0.0, 1293.0, 0.0], [511.0, 0.0, 1483.0, 0.0], [583.0, 0.0, 1682.0, 0.0], [687.0, 0.0, 1976.0, 0.0], [776.0, 0.0, 2176.0, 0.0], [850.0, 0.0, 2383.0, 0.0], [959.0, 0.0, 2603.0, 0.0], [1036.0, 0.0, 2836.0, 0.0], [1120.0, 0.0, 3102.0, 0.0], [1193.0, 0.0, 3348.0, 0.0], [1283.0, 0.0, 3595.0, 0.0], [1354.0, 0.0, 3818.0, 0.0], [1406.0, 0.0, 4022.0, 0.0], [1496.0, 0.0, 4181.0, 0.0], [1549.0, 0.0, 4383.0, 0.0], [1628.0, 0.0, 4605.0, 0.0], [1706.0, 0.0, 4867.0, 0.0], [1784.0, 0.0, 5113.0, 0.0], [1844.0, 0.0, 5306.0, 0.0], [1936.0, 0.0, 5524.0, 0.0], [2001.0, 0.0, 5742.0, 0.0], [2076.0, 0.0, 6036.0, 0.0], [2183.0, 0.0, 6281.0, 0.0], [2282.0, 0.0, 6567.0, 0.0], [2351.0, 0.0, 6768.0, 0.0], [2434.0, 0.0, 7014.0, 0.0], [2512.0, 0.0, 7272.0, 0.0], [2573.0, 0.0, 7456.0, 0.0], [2642.0, 0.0, 7678.0, 0.0], [2706.0, 0.0, 7892.0, 0.0], [2772.0, 0.0, 8095.0, 0.0], [2852.0, 0.0, 8312.0, 0.0], [2906.0, 0.0, 8512.0, 0.0], [2991.0, 0.0, 8717.0, 0.0], [3053.0, 0.0, 8886.0, 0.0], [3151.0, 0.0, 9100.0, 0.0]]
time = [0.445623929, 0.455589713, 0.590441642, 0.617360905, 0.584714368, 0.83366021, 1.04073708, 0.989991034, 1.025499842, 0.942809865, 1.060360928, 1.020049765, 1.065562314, 1.158394138, 1.093948191, 0.855187109, 1.083275929, 0.893466167, 1.161091709, 1.126972448, 0.991793841, 1.155336245, 1.183411775, 1.212892537, 1.216686775, 1.255651477, 1.347748207, 1.576953627, 1.407653686, 1.601429725, 1.517512209, 1.423935476, 1.785866459, 1.51886905, 1.51119489, 1.914477849, 1.567482646, 1.691537274, 1.695208103, 1.812365925]
optimality_gap = [0, 0, 0, 0, 0, 0, 0, 0, 0, 0, 0, 0, 0, 0, 0, 0, 0, 0, 0, 0, 0, 0, 0, 0, 0, 0, 0, 0, 0, 0, 0, 0, 0, 0, 0, 0, 0, 0, 0, 0]
final_time = [87, 153, 259, 362, 433, 511, 583, 687, 776, 850, 959, 1036, 1120, 1193, 1283, 1354, 1406, 1496, 1549, 1628, 1706, 1784, 1844, 1936, 2001, 2076, 2183, 2282, 2351, 2434, 2512, 2573, 2642, 2706, 2772, 2852, 2906, 2991, 3053, 3151]
makespans = [87, 103, 179, 252, 293, 341, 383, 457, 516, 560, 639, 686, 740, 783, 843, 884, 906, 966, 989, 1038, 1086, 1134, 1164, 1226, 1261, 1306, 1383, 1452, 1491, 1544, 1592, 1623, 1662, 1696, 1732, 1782, 1806, 1861, 1893, 1961]
optimal = [true, true, true, true, true, true, true, true, true, true, true, true, true, true, true, true, true, true, true, true, true, true, true, true, true, true, true, true, true, true, true, true, true, true, true, true, true, true, true, true]
arrival_time = [0, 50, 80, 110, 140, 170, 200, 230, 260, 290, 320, 350, 380, 410, 440, 470, 500, 530, 560, 590, 620, 650, 680, 710, 740, 770, 800, 830, 860, 890, 920, 950, 980, 1010, 1040, 1070, 1100, 1130, 1160, 1190]
feasible = [true, true, true, true, true, true, true, true, true, true, true, true, true, true, true, true, true, true, true, true, true, true, true, true, true, true, true, true, true, true, true, true, true, true, true, true, true, true, true, true]
