fallback_feasible = [true, false, true, true, true, true, true, true, true, true, true, true, true, true, true, true, true, true, true, true, true, true, true, true, true, true, true, true, true, false, true, true, true, true, true, true, true, true, true]
cost = [[112.0, 0.0, 707.0, 0.0], [238.0, 0.0, 1449.0, 0.0], [378.0, 0.0, 2141.0, 0.0], [520.0, 0.0, 2848.0, 0.0], [662.0, 0.0, 3635.0, 0.0], [768.0, 0.0, 4305.0, 0.0], [894.0, 0.0, 5053.0, 0.0], [1000.0, 0.0, 5743.0, 0.0], [1121.0, 0.0, 6469.0, 0.0], [1239.0, 0.0, 7258.0, 0.0], [1353.0, 0.0, 7907.0, 0.0], [1468.0, 0.0, 8591.0, 0.0], [1568.0, 0.0, 9243.0, 0.0], [1683.0, 0.0, 9918.0, 0.0], [1829.0, 0.0, 10532.0, 0.0], [1947.0, 0.0, 11280.0, 0.0], [2044.0, 0.0, 11948.0, 0.0], [2147.0, 0.0, 12591.0, 0.0], [2279.0, 0.0, 13317.0, 0.0], [2400.0, 0.0, 14028.0, 0.0], [2505.0, 0.0, 14660.0, 0.0], [2602.0, 0.0, 15413.0, 0.0], [2702.0, 1.0, 16078.0, 0.0], [2818.0, 0.0, 16668.0, 0.0], [2953.0, 0.0, 17455.0, 0.0], [3117.0, 0.0, 18141.0, 0.0], [3235.0, 0.0, 18788.0, 0.0], [3357.0, 0.0, 19559.0, 0.0], [3457.0, 0.0, 20255.0, 0.0], [3602.0, 0.0, 21066.0, 0.0], [3724.0, 0.0, 21740.0, 0.0], [3862.0, 1.0, 22466.0, 0.0], [3957.0, 0.0, 23172.0, 0.0], [4097.0, 0.0, 23917.0, 0.0], [4208.0, 0.0, 24616.0, 0.0], [4294.0, 0.0, 25362.0, 0.0], [4437.0, 0.0, 26155.0, 0.0], [4519.0, 0.0, 26801.0, 0.0], [4739.0, 0.0, 27560.0, 0.0], [4851.0, 0.0, 28319.0, 0.0]]
time = [1.249447101, 1.518905465, 1.487379074, 1.524169129, 1.701442772, 1.289509579, 1.553141022, 1.669323555, 1.719801447, 1.76970722, 1.956783273, 1.794040711, 1.969200063, 1.881728291, 2.297460891, 2.176343701, 2.056874555, 2.089845279, 2.576889786, 2.241852729, 2.374877744, 2.538503577, 2.48650303, 2.559563809, 2.763135068, 2.818835657, 2.82689556, 2.87422952, 3.108322222, 3.105701898, 3.295776205, 3.330950888, 3.204816323, 3.450709454, 3.825588977, 3.752936623, 3.853795842, 14.394597686, 4.015959179, 4.008037637]
optimality_gap = [0, 0, 0, 0, 0, 0, 0, 0, 0, 0, 0, 0, 0, 0, 0, 0, 0, 0, 0, 0, 0, 0, 0, 0, 0, 0, 0, 0, 0, 0, 0, 0, 0, 0, 0, 0, 0, 1, 0, 0]
final_time = [112, 238, 378, 520, 662, 768, 894, 1000, 1121, 1239, 1353, 1468, 1568, 1683, 1829, 1947, 2044, 2147, 2279, 2400, 2505, 2602, 2702, 2818, 2953, 3117, 3235, 3357, 3457, 3602, 3724, 3862, 3957, 4097, 4208, 4294, 4437, 4598, 4739, 4851]
makespans = [112, 158, 238, 320, 402, 448, 514, 560, 621, 679, 733, 788, 828, 883, 969, 1027, 1064, 1107, 1179, 1240, 1285, 1322, 1362, 1418, 1493, 1597, 1655, 1717, 1757, 1842, 1904, 1982, 2017, 2097, 2148, 2174, 2257, 2358, 2439, 2491]
optimal = [true, true, true, true, true, true, true, true, true, true, true, true, true, true, true, true, true, true, true, true, true, true, true, true, true, true, true, true, true, true, true, true, true, true, true, true, true, false, true, true]
arrival_time = [0, 80, 140, 200, 260, 320, 380, 440, 500, 560, 620, 680, 740, 800, 860, 920, 980, 1040, 1100, 1160, 1220, 1280, 1340, 1400, 1460, 1520, 1580, 1640, 1700, 1760, 1820, 1880, 1940, 2000, 2060, 2120, 2180, 2240, 2300, 2360]
feasible = [true, true, true, true, true, true, true, true, true, true, true, true, true, true, true, true, true, true, true, true, true, true, true, true, true, true, true, true, true, true, true, true, true, true, true, true, true, true, true, true]
