fallback_feasible = [true, true, true, true, true, true, true, true, true, true, true, true, true, true, true, true, true, true, true, true, true, true, true, true, true, true, true, true, true, true, true, true, true, true, true, true, true, true, true]
cost = [[87.0, 0.0, 242.0, 0.0], [193.0, 0.0, 554.0, 0.0], [366.0, 0.0, 826.0, 0.0], [480.0, 0.0, 1099.0, 0.0], [578.0, 0.0, 1324.0, 0.0], [997.0, 0.0, 1735.0, 0.0], [1260.0, 1.0, 1940.0, 0.0], [1587.0, 1.0, 2343.0, 0.0], [1462.0, 0.0, 2654.0, 0.0], [1023.0, 0.0, 2908.0, 0.0], [1441.0, 0.0, 3113.0, 0.0], [1533.0, 0.0, 3364.0, 0.0], [1289.0, 0.0, 3631.0, 0.0], [1757.0, 0.0, 3911.0, 0.0], [1441.0, 1.0, 4252.0, 0.0], [1519.0, 0.0, 4518.0, 0.0], [1594.0, 0.0, 4786.0, 0.0], [2204.0, 0.0, 4997.0, 0.0], [1213.0, 0.0, 5207.0, 0.0], [1872.0, 0.0, 5429.0, 0.0], [1347.0, 0.0, 5706.0, 0.0], [2065.0, 0.0, 5973.0, 0.0], [2134.0, 0.0, 6150.0, 0.0], [2240.0, 0.0, 6385.0, 0.0], [1589.0, 0.0, 6641.0, 0.0], [2423.0, 1.0, 6878.0, 0.0], [3316.0, 0.0, 7157.0, 0.0], [2647.0, 0.0, 7467.0, 0.0], [2725.0, 0.0, 7673.0, 0.0], [3692.0, 0.0, 7959.0, 0.0], [3792.0, 0.0, 8205.0, 0.0], [2962.0, 0.0, 8428.0, 0.0], [3034.0, 0.0, 8660.0, 0.0], [3105.0, 0.0, 8864.0, 0.0], [3199.0, 0.0, 9080.0, 0.0], [3300.0, 0.0, 9324.0, 0.0], [3381.0, 0.0, 9536.0, 0.0], [3489.0, 0.0, 9766.0, 0.0], [2418.0, 0.0, 9981.0, 0.0], [3696.0, 0.0, 10192.0, 0.0]]
time = [0.441415035, 0.520247382, 0.842862463, 0.652755277, 3.148286183, 1.382010058, 1.486064496, 1.755912875, 0.858980659, 0.947872103, 0.874523031, 0.761565439, 0.763679605, 1.061352292, 0.988797602, 1.035625788, 0.903352286, 0.975063193, 0.996281343, 0.952376506, 0.925213494, 1.079992348, 1.148804048, 0.801604028, 0.961650131, 1.263496578, 1.051740948, 1.060748879, 1.319231879, 1.302256153, 1.156031968, 1.00537895, 1.041272158, 1.097221199, 1.184939384, 1.137409098, 1.217192157, 1.046229968, 1.190881631, 1.126985821]
optimality_gap = [0, 0, 0, 0, 3, 0, 0, 0, 0, 0, 0, 0, 0, 0, 0, 0, 0, 0, 0, 0, 0, 0, 0, 0, 0, 0, 0, 0, 0, 0, 0, 0, 0, 0, 0, 0, 0, 0, 0, 0]
final_time = [87, 106, 229, 263, 267, 238, 263, 327, 342, 354, 418, 419, 452, 468, 521, 530, 543, 610, 603, 659, 688, 718, 728, 794, 795, 834, 893, 920, 912, 967, 993, 1002, 1039, 1064, 1096, 1140, 1145, 1204, 1214, 1278]
makespans = [87, 56, 149, 153, 127, 68, 63, 97, 82, 64, 98, 69, 72, 58, 81, 60, 43, 80, 43, 69, 68, 68, 48, 84, 55, 64, 93, 90, 52, 77, 73, 52, 59, 54, 56, 70, 45, 74, 54, 88]
optimal = [true, true, true, true, false, true, true, true, true, true, true, true, true, true, true, true, true, true, true, true, true, true, true, true, true, true, true, true, true, true, true, true, true, true, true, true, true, true, true, true]
arrival_time = [0, 50, 80, 110, 140, 170, 200, 230, 260, 290, 320, 350, 380, 410, 440, 470, 500, 530, 560, 590, 620, 650, 680, 710, 740, 770, 800, 830, 860, 890, 920, 950, 980, 1010, 1040, 1070, 1100, 1130, 1160, 1190]
feasible = [true, true, true, true, true, true, true, true, true, true, true, true, true, true, true, true, true, true, true, true, true, true, true, true, true, true, true, true, true, true, true, true, true, true, true, true, true, true, true, true]
