fallback_feasible = [true, true, true, true, true, true, true, true, true, true, true, true, false, true, true, true, true, true, true, true, true, true, true, true, true, true, true, true, true, true, true, true, true, true, true, true, true, true, false]
cost = [[104.0, 0.0, 575.0, 0.0], [194.0, 0.0, 1298.0, 0.0], [327.0, 0.0, 2014.0, 0.0], [477.0, 0.0, 2669.0, 0.0], [615.0, 0.0, 3439.0, 0.0], [702.0, 0.0, 4012.0, 0.0], [815.0, 0.0, 4654.0, 0.0], [918.0, 0.0, 5397.0, 0.0], [1036.0, 0.0, 6071.0, 0.0], [1202.0, 0.0, 6765.0, 0.0], [1329.0, 0.0, 7372.0, 0.0], [1448.0, 0.0, 7982.0, 0.0], [1638.0, 0.0, 8694.0, 0.0], [1773.0, 0.0, 9415.0, 0.0], [1867.0, 0.0, 10076.0, 0.0], [1987.0, 0.0, 10837.0, 0.0], [2080.0, 0.0, 11462.0, 0.0], [2225.0, 0.0, 12172.0, 0.0], [2354.0, 0.0, 12903.0, 0.0], [2466.0, 0.0, 13590.0, 0.0], [2603.0, 0.0, 14245.0, 0.0], [2721.0, 0.0, 14975.0, 0.0], [2865.0, 0.0, 15716.0, 0.0], [2978.0, 0.0, 16412.0, 0.0], [3110.0, 0.0, 17170.0, 0.0], [3286.0, 0.0, 17996.0, 0.0], [3366.0, 0.0, 18570.0, 0.0], [3605.0, 0.0, 19448.0, 0.0], [3698.0, 0.0, 20208.0, 0.0], [3806.0, 0.0, 20996.0, 0.0], [3923.0, 0.0, 21811.0, 0.0], [4007.0, 0.0, 22580.0, 0.0], [4143.0, 0.0, 23251.0, 0.0], [4245.0, 0.0, 23923.0, 0.0], [4374.0, 0.0, 24628.0, 0.0], [4468.0, 0.0, 25322.0, 0.0], [4618.0, 0.0, 26096.0, 0.0], [4743.0, 0.0, 26773.0, 0.0], [4865.0, 0.0, 27388.0, 0.0], [4968.0, 0.0, 28141.0, 0.0]]
time = [1.156123388, 1.328757143, 1.624396188, 1.484949966, 1.686597746, 1.466193781, 1.638794632, 1.765402251, 1.640941051, 2.166123379, 1.844147078, 2.049584846, 1.995897159, 1.992825418, 2.287195753, 2.068522178, 2.128913212, 2.41239585, 2.48804434, 2.378949046, 2.550725966, 2.671166711, 2.854515651, 2.983786717, 2.94107637, 3.027447846, 2.921116178, 3.184468851, 3.328059464, 3.322174833, 3.528473805, 3.283877177, 3.538023736, 3.647138447, 3.953291979, 3.821104609, 3.996040999, 4.084454128, 4.030734112, 4.189445927]
optimality_gap = [0, 0, 0, 0, 0, 0, 0, 0, 0, 0, 0, 0, 0, 0, 0, 0, 0, 0, 0, 0, 0, 0, 0, 0, 0, 0, 0, 0, 0, 0, 0, 0, 0, 0, 0, 0, 0, 0, 0, 0]
final_time = [104, 194, 327, 477, 615, 702, 815, 918, 1036, 1202, 1329, 1448, 1638, 1773, 1867, 1987, 2080, 2225, 2354, 2466, 2603, 2721, 2865, 2978, 3110, 3286, 3366, 3605, 3698, 3806, 3923, 4007, 4143, 4245, 4374, 4468, 4618, 4743, 4865, 4968]
makespans = [104, 94, 147, 217, 275, 282, 315, 338, 376, 462, 509, 548, 658, 713, 727, 767, 780, 845, 894, 926, 983, 1021, 1085, 1118, 1170, 1266, 1266, 1425, 1438, 1466, 1503, 1507, 1563, 1585, 1634, 1648, 1718, 1763, 1805, 1828]
optimal = [true, true, true, true, true, true, true, true, true, true, true, true, true, true, true, true, true, true, true, true, true, true, true, true, true, true, true, true, true, true, true, true, true, true, true, true, true, true, true, true]
arrival_time = [0, 100, 180, 260, 340, 420, 500, 580, 660, 740, 820, 900, 980, 1060, 1140, 1220, 1300, 1380, 1460, 1540, 1620, 1700, 1780, 1860, 1940, 2020, 2100, 2180, 2260, 2340, 2420, 2500, 2580, 2660, 2740, 2820, 2900, 2980, 3060, 3140]
feasible = [true, true, true, true, true, true, true, true, true, true, true, true, true, true, true, true, true, true, true, true, true, true, true, true, true, true, true, true, true, true, true, true, true, true, true, true, true, true, true, true]
