fallback_feasible = [true, true, true, true, true, true, true, true, true, true, true, true, true, true, true, true, true, true, true, true, true, true, true, false]
cost = [[117.0, 0.0, 757.0, 0.0], [282.0, 0.0, 1435.0, 0.0], [402.0, 0.0, 2115.0, 0.0], [523.0, 0.0, 2823.0, 0.0], [682.0, 0.0, 3628.0, 0.0], [807.0, 0.0, 4309.0, 0.0], [1254.0, 0.0, 5000.0, 0.0], [2027.0, 0.0, 6042.0, 0.0], [1753.0, 0.0, 6717.0, 0.0], [1886.0, 0.0, 7446.0, 0.0], [2044.0, 0.0, 8193.0, 0.0], [1544.0, 0.0, 9063.0, 0.0], [1683.0, 0.0, 9754.0, 0.0], [2586.0, 0.0, 10474.0, 0.0], [2739.0, 0.0, 11219.0, 0.0], [1969.0, 0.0, 11918.0, 0.0], [3040.0, 0.0, 12681.0, 0.0], [2228.0, 0.0, 13415.0, 0.0], [2371.0, 0.0, 14039.0, 0.0], [3605.0, 0.0, 14662.0, 0.0], [3782.0, 0.0, 15398.0, 0.0], [2754.0, 1.0, 16182.0, 0.0], [4188.0, 0.0, 16920.0, 0.0], [-1, -1, -1, -1], [-1, -1, -1, -1]]
time = [1.260745266, 1.288061778, 1.42228834, 1.509204021, 1.572888777, 2.102396451, 9.287374606, 3.657955095, 2.419925757, 2.127677244, 2.191443868, 2.014757576, 2.043460942, 2.173018797, 2.036135092, 2.03512886, 1.686049299, 1.879878752, 2.264936705, 1.9617723, 1.99067019, 1.960077478, 5.343993469, 9.749323581, 10.413929164]
optimality_gap = [0, 0, 0, 0, 0, 0, 1, 0, 0, 0, 0, 0, 0, 0, 0, 0, 0, 0, 0, 0, 0, 0, 1, 10000, 10000]
final_time = [117, 165, 237, 286, 470, 467, 524, 566, 663, 657, 724, 820, 863, 903, 973, 996, 1071, 1157, 1214, 1234, 1334, 1517, 1536, 1714, -1]
makespans = [117, 85, 97, 86, 210, 147, 144, 126, 163, 97, 104, 140, 123, 103, 113, 76, 91, 117, 114, 74, 114, 237, 196, 314, -1461]
optimal = [true, true, true, true, true, true, false, true, true, true, true, true, true, true, true, true, true, true, true, true, true, true, false, false, false]
arrival_time = [0, 80, 140, 200, 260, 320, 380, 440, 500, 560, 620, 680, 740, 800, 860, 920, 980, 1040, 1100, 1160, 1220, 1280, 1340, 1400, 1460]
feasible = [true, true, true, true, true, true, true, true, true, true, true, true, true, true, true, true, true, true, true, true, true, true, true, false, false]
