fallback_feasible = [true, true, true, false]
cost = [[159.0, 0.0, 734.0, 0.0], [332.0, 0.0, 1455.0, 0.0], [569.0, 0.0, 2180.0, 0.0], [984.0, 0.0, 3238.0, 0.0], [-1, -1, -1, -1]]
time = [1.344166472, 1.743408837, 9.702987188, 6.330587479, 11.161625355]
optimality_gap = [0, 0, 2, 75, 10000]
final_time = [159, 428, 490, 473, -1]
makespans = [159, 348, 350, 273, -261]
optimal = [true, true, false, false, false]
arrival_time = [0, 80, 140, 200, 260]
feasible = [true, true, true, true, false]
