fallback_feasible = [true, false, true, false, false, false, true, true, true, true, true, true, true, true, true, true, true, true, true, true, true, true, true, true, true, true, true, false, true, true, true, true, true, true, true, true, true, true, true]
cost = [[80.0, 0.0, 443.0, 0.0], [264.0, 0.0, 876.0, 0.0], [410.0, 1.0, 1344.0, 0.0], [707.0, 0.0, 1861.0, 0.0], [1114.0, 1.0, 2638.0, 0.0], [1527.0, 0.0, 3165.0, 0.0], [1655.0, 0.0, 3691.0, 0.0], [1040.0, 0.0, 4170.0, 0.0], [1130.0, 0.0, 4592.0, 0.0], [1755.0, 0.0, 5105.0, 0.0], [1302.0, 0.0, 5478.0, 0.0], [1409.0, 0.0, 5885.0, 0.0], [1579.0, 0.0, 6318.0, 0.0], [1727.0, 0.0, 6828.0, 0.0], [2666.0, 0.0, 7195.0, 0.0], [1923.0, 0.0, 7653.0, 0.0], [2073.0, 0.0, 8090.0, 0.0], [2200.0, 0.0, 8531.0, 0.0], [3424.0, 0.0, 9030.0, 0.0], [2486.0, 0.0, 9513.0, 0.0], [4012.0, 1.0, 10319.0, 0.0], [5404.0, 0.0, 10796.0, 0.0], [5517.0, 0.0, 11227.0, 0.0], [4289.0, 0.0, 11729.0, 0.0], [3038.0, 0.0, 12189.0, 0.0], [3148.0, 1.0, 12675.0, 0.0], [3276.0, 0.0, 13225.0, 0.0], [3405.0, 0.0, 13746.0, 0.0], [5360.0, 0.0, 14626.0, 0.0], [7209.0, 0.0, 15123.0, 0.0], [5649.0, 0.0, 15566.0, 0.0], [3946.0, 0.0, 16001.0, 0.0], [5972.0, 0.0, 16466.0, 0.0], [6154.0, 0.0, 16920.0, 0.0], [4282.0, 0.0, 17331.0, 0.0], [6491.0, 0.0, 17892.0, 0.0], [4468.0, 0.0, 18336.0, 0.0], [4584.0, 0.0, 18875.0, 0.0], [4691.0, 2.0, 19290.0, 0.0], [4833.0, 0.0, 19776.0, 0.0]]
time = [0.761323559, 0.786406702, 1.009619882, 4.746113462, 2.254084479, 2.162063334, 1.48922846, 1.280370919, 1.402210454, 1.197991239, 1.22615944, 1.238124831, 1.380423009, 1.467621057, 1.339768498, 1.476405457, 1.190164653, 1.369758254, 1.473446326, 5.014634924, 2.955647365, 2.72174524, 1.809394663, 1.495862202, 1.549544702, 1.67257926, 1.767749221, 12.916022062, 3.2003651, 2.190710987, 1.793428889, 2.007143931, 2.182572236, 1.816931873, 2.047420376, 1.87990493, 1.943334141, 1.843395615, 1.919721651, 2.06943403]
optimality_gap = [0, 0, 0, 1, 0, 0, 0, 0, 0, 0, 0, 0, 0, 0, 0, 0, 0, 0, 0, 1, 0, 0, 0, 0, 0, 0, 0, 3, 0, 0, 0, 0, 0, 0, 0, 0, 0, 0, 0, 0]
final_time = [80, 184, 337, 404, 373, 413, 465, 575, 555, 625, 677, 732, 847, 880, 939, 984, 1089, 1111, 1343, 1371, 1298, 1392, 1411, 1486, 1552, 1596, 1776, 1814, 1770, 1849, 1986, 1960, 2026, 2142, 2140, 2209, 2259, 2325, 2366, 2467]
makespans = [80, 104, 197, 204, 113, 93, 85, 135, 55, 65, 57, 52, 107, 80, 79, 64, 109, 71, 243, 211, 78, 112, 71, 86, 92, 76, 196, 174, 70, 89, 166, 80, 86, 142, 80, 89, 79, 85, 66, 107]
optimal = [true, true, true, false, true, true, true, true, true, true, true, true, true, true, true, true, true, true, true, false, true, true, true, true, true, true, true, false, true, true, true, true, true, true, true, true, true, true, true, true]
arrival_time = [0, 80, 140, 200, 260, 320, 380, 440, 500, 560, 620, 680, 740, 800, 860, 920, 980, 1040, 1100, 1160, 1220, 1280, 1340, 1400, 1460, 1520, 1580, 1640, 1700, 1760, 1820, 1880, 1940, 2000, 2060, 2120, 2180, 2240, 2300, 2360]
feasible = [true, true, true, true, true, true, true, true, true, true, true, true, true, true, true, true, true, true, true, true, true, true, true, true, true, true, true, true, true, true, true, true, true, true, true, true, true, true, true, true]
