fallback_feasible = [true, true, false, false]
cost = [[92.0, 0.0, 636.0, 0.0], [288.0, 0.0, 1431.0, 0.0], [846.0, 0.0, 2700.0, 0.0], [1021.0, 0.0, 3537.0, 0.0], [-1, -1, -1, -1]]
time = [0.925614564, 6.515132456, 3.506984465, 10.220068094, 10.37478407]
optimality_gap = [0, 3, 0, 3, 10000]
final_time = [200, 445, 439, 494, -1]
makespans = [200, 355, 279, 264, -301]
optimal = [true, false, true, false, false]
arrival_time = [0, 90, 160, 230, 300]
feasible = [true, true, true, true, false]
