fallback_feasible = [true, true, true, true, true, true, true, true, true, true, true, true, true, true, true, true, true, true, true, true, true, true, true, false, true, true, true, true, true, true, true, true, true, true, true, true, true, true, true]
cost = [[106.0, 0.0, 699.0, 0.0], [306.0, 0.0, 1397.0, 0.0], [479.0, 0.0, 2098.0, 0.0], [649.0, 0.0, 2840.0, 0.0], [783.0, 0.0, 3526.0, 0.0], [952.0, 0.0, 4233.0, 0.0], [1198.0, 0.0, 4909.0, 0.0], [1316.0, 1.0, 5688.0, 0.0], [2058.0, 0.0, 6372.0, 0.0], [1622.0, 0.0, 7101.0, 0.0], [1824.0, 0.0, 7951.0, 0.0], [1963.0, 0.0, 8574.0, 0.0], [2130.0, 0.0, 9452.0, 0.0], [2260.0, 0.0, 10158.0, 0.0], [2389.0, 0.0, 10808.0, 0.0], [2559.0, 0.0, 11515.0, 0.0], [2732.0, 0.0, 12289.0, 0.0], [2923.0, 0.0, 12926.0, 0.0], [3124.0, 0.0, 13648.0, 0.0], [3245.0, 0.0, 14541.0, 0.0], [4937.0, 0.0, 15207.0, 0.0], [3486.0, 0.0, 16012.0, 0.0], [3658.0, 0.0, 16707.0, 0.0], [3811.0, 0.0, 17484.0, 0.0], [4075.0, 0.0, 18680.0, 0.0], [6202.0, 0.0, 19428.0, 0.0], [4342.0, 0.0, 20076.0, 0.0], [4471.0, 0.0, 20784.0, 0.0], [4594.0, 0.0, 21461.0, 0.0], [4770.0, 0.0, 22205.0, 0.0], [4969.0, 0.0, 22968.0, 0.0], [5175.0, 0.0, 23620.0, 0.0], [5304.0, 0.0, 24525.0, 0.0], [5430.0, 0.0, 25251.0, 0.0], [5601.0, 2.0, 25940.0, 0.0], [5758.0, 0.0, 26733.0, 0.0], [5898.0, 0.0, 27440.0, 0.0], [6043.0, 0.0, 28173.0, 0.0], [6298.0, 1.0, 29472.0, 0.0], [9550.0, 0.0, 30118.0, 0.0]]
time = [1.131319053, 1.438738809, 1.511196861, 1.519548538, 1.765991688, 1.563800151, 1.840198467, 1.945499489, 1.532975634, 2.157121535, 2.007161463, 1.886834846, 2.203916778, 1.971565975, 1.850131224, 1.945709659, 2.163738021, 2.133375391, 2.353837348, 2.136600435, 2.337699074, 1.987732524, 1.976884768, 15.04965661, 4.271395768, 2.391057187, 2.616896744, 2.64533604, 2.435658181, 2.508271564, 2.776580401, 3.029905418, 3.282663713, 2.700888488, 2.974225361, 2.765533168, 2.995231458, 7.892871463, 5.350303678, 3.08743567]
optimality_gap = [0, 0, 0, 0, 0, 0, 0, 0, 0, 0, 0, 0, 0, 0, 0, 0, 0, 0, 0, 0, 0, 0, 0, 2, 0, 0, 0, 0, 0, 0, 0, 0, 0, 0, 0, 0, 0, 1, 0, 0]
final_time = [106, 200, 279, 370, 413, 539, 659, 657, 742, 880, 944, 1019, 1111, 1149, 1240, 1319, 1413, 1510, 1614, 1631, 1692, 1794, 1876, 2050, 2025, 2127, 2215, 2256, 2338, 2432, 2537, 2638, 2666, 2764, 2837, 2921, 2978, 3167, 3131, 3252]
makespans = [106, 100, 99, 110, 73, 119, 159, 77, 82, 140, 124, 119, 131, 89, 100, 99, 113, 130, 154, 91, 72, 94, 96, 190, 85, 107, 115, 76, 78, 92, 117, 138, 86, 104, 97, 101, 78, 187, 71, 112]
optimal = [true, true, true, true, true, true, true, true, true, true, true, true, true, true, true, true, true, true, true, true, true, true, true, false, true, true, true, true, true, true, true, true, true, true, true, true, true, false, true, true]
arrival_time = [0, 100, 180, 260, 340, 420, 500, 580, 660, 740, 820, 900, 980, 1060, 1140, 1220, 1300, 1380, 1460, 1540, 1620, 1700, 1780, 1860, 1940, 2020, 2100, 2180, 2260, 2340, 2420, 2500, 2580, 2660, 2740, 2820, 2900, 2980, 3060, 3140]
feasible = [true, true, true, true, true, true, true, true, true, true, true, true, true, true, true, true, true, true, true, true, true, true, true, true, true, true, true, true, true, true, true, true, true, true, true, true, true, true, true, true]
