fallback_feasible = [true, true, true, true, true, true, true, true, true, true, true, true, true, true, true, true, true, true, true, true, true, true, true, false, true, false, true, true, true, true, false, true, true, true, false, false, true, true, true]
cost = [[169.0, 0.0, 706.0, 0.0], [271.0, 0.0, 1416.0, 0.0], [385.0, 0.0, 2040.0, 0.0], [491.0, 0.0, 2647.0, 0.0], [584.0, 0.0, 3328.0, 0.0], [697.0, 0.0, 4080.0, 0.0], [803.0, 0.0, 4785.0, 0.0], [897.0, 0.0, 5532.0, 0.0], [1016.0, 0.0, 6281.0, 0.0], [1152.0, 0.0, 7108.0, 0.0], [1289.0, 0.0, 7905.0, 0.0], [1414.0, 0.0, 8636.0, 0.0], [1539.0, 0.0, 9337.0, 0.0], [1686.0, 0.0, 10085.0, 0.0], [1791.0, 0.0, 10750.0, 0.0], [1886.0, 0.0, 11375.0, 0.0], [2018.0, 0.0, 12135.0, 0.0], [2143.0, 0.0, 12754.0, 0.0], [2235.0, 0.0, 13448.0, 0.0], [2310.0, 0.0, 14085.0, 0.0], [2440.0, 0.0, 14846.0, 0.0], [2594.0, 0.0, 15460.0, 0.0], [2720.0, 1.0, 16054.0, 0.0], [2851.0, 0.0, 16732.0, 0.0], [2960.0, 0.0, 17496.0, 0.0], [3115.0, 0.0, 18250.0, 0.0], [3385.0, 0.0, 18848.0, 0.0], [3520.0, 0.0, 19612.0, 0.0], [3645.0, 0.0, 20419.0, 0.0], [3725.0, 1.0, 21218.0, 0.0], [3868.0, 0.0, 21943.0, 0.0], [3975.0, 1.0, 22659.0, 0.0], [4066.0, 0.0, 23271.0, 0.0], [4223.0, 0.0, 24025.0, 0.0], [4375.0, 0.0, 24763.0, 0.0], [4490.0, 0.0, 25456.0, 0.0], [4598.0, 0.0, 26046.0, 0.0], [4707.0, 0.0, 26785.0, 0.0], [4806.0, 0.0, 27523.0, 0.0], [4884.0, 0.0, 28089.0, 0.0]]
time = [1.155242778, 1.392323235, 1.437640939, 1.452177036, 1.468532701, 1.498090911, 1.501171628, 1.742578466, 1.625701661, 1.805392584, 1.77397738, 2.102740884, 1.754841807, 2.147438518, 2.13742205, 2.120323296, 1.982579131, 2.29510331, 2.12778951, 2.105294064, 2.30566324, 2.317921905, 2.622783026, 2.670580881, 2.68697839, 38.714775802, 2.908318082, 3.096585972, 3.024857242, 3.177104034, 3.362041162, 3.190623804, 3.449360701, 3.699948751, 3.753517276, 3.578564313, 3.670284605, 3.997186999, 3.954232764, 3.982834204]
optimality_gap = [0, 0, 0, 0, 0, 0, 0, 0, 0, 0, 0, 0, 0, 0, 0, 0, 0, 0, 0, 0, 0, 0, 0, 0, 0, 1, 0, 0, 0, 0, 0, 0, 0, 0, 0, 0, 0, 0, 0, 0]
final_time = [169, 271, 385, 491, 584, 697, 803, 897, 1016, 1152, 1289, 1414, 1539, 1686, 1791, 1886, 2018, 2143, 2235, 2310, 2440, 2594, 2720, 2851, 2960, 3261, 3385, 3520, 3645, 3725, 3868, 3975, 4066, 4223, 4375, 4490, 4598, 4707, 4806, 4884]
makespans = [169, 191, 245, 291, 324, 377, 423, 457, 516, 592, 669, 734, 799, 886, 931, 966, 1038, 1103, 1135, 1150, 1220, 1314, 1380, 1451, 1500, 1741, 1805, 1880, 1945, 1965, 2048, 2095, 2126, 2223, 2315, 2370, 2418, 2467, 2506, 2524]
optimal = [true, true, true, true, true, true, true, true, true, true, true, true, true, true, true, true, true, true, true, true, true, true, true, true, true, false, true, true, true, true, true, true, true, true, true, true, true, true, true, true]
arrival_time = [0, 80, 140, 200, 260, 320, 380, 440, 500, 560, 620, 680, 740, 800, 860, 920, 980, 1040, 1100, 1160, 1220, 1280, 1340, 1400, 1460, 1520, 1580, 1640, 1700, 1760, 1820, 1880, 1940, 2000, 2060, 2120, 2180, 2240, 2300, 2360]
feasible = [true, true, true, true, true, true, true, true, true, true, true, true, true, true, true, true, true, true, true, true, true, true, true, true, true, true, true, true, true, true, true, true, true, true, true, true, true, true, true, true]
