fallback_feasible = [true, true, true, true, true, true, true, true, true, true, true, true, true, true, true, true, true, true, true, true, true, true, true, true, true, true, true, true, true, true, true, true, true, true, true, true, true, true, true]
cost = [[108.0, 0.0, 556.0, 0.0], [271.0, 0.0, 1047.0, 0.0], [366.0, 0.0, 1485.0, 0.0], [610.0, 0.0, 2016.0, 0.0], [596.0, 0.0, 2563.0, 0.0], [698.0, 0.0, 3044.0, 0.0], [1109.0, 0.0, 3576.0, 0.0], [862.0, 0.0, 3923.0, 0.0], [1462.0, 0.0, 4448.0, 0.0], [1171.0, 0.0, 4962.0, 0.0], [1771.0, 0.0, 5474.0, 0.0], [2443.0, 0.0, 5922.0, 0.0], [1389.0, 0.0, 6395.0, 0.0], [2127.0, 0.0, 6836.0, 0.0], [2272.0, 0.0, 7387.0, 0.0], [1677.0, 1.0, 7789.0, 0.0], [2587.0, 0.0, 8212.0, 0.0], [1940.0, 0.0, 8688.0, 0.0], [2044.0, 0.0, 9302.0, 0.0], [3085.0, 0.0, 9797.0, 0.0], [4228.0, 0.0, 10322.0, 0.0], [2319.0, 0.0, 10806.0, 0.0], [3539.0, 0.0, 11285.0, 0.0], [3678.0, 0.0, 11776.0, 0.0], [3781.0, 0.0, 12191.0, 0.0], [3925.0, 0.0, 12587.0, 0.0], [2747.0, 0.0, 13068.0, 0.0], [4219.0, 0.0, 13596.0, 0.0], [3017.0, 0.0, 14108.0, 0.0], [4586.0, 0.0, 14624.0, 0.0], [4718.0, 1.0, 15205.0, 0.0], [4828.0, 0.0, 15687.0, 0.0], [3333.0, 0.0, 16069.0, 0.0], [3434.0, 0.0, 16486.0, 0.0], [3588.0, 0.0, 16968.0, 0.0], [3733.0, 0.0, 17474.0, 0.0], [5624.0, 0.0, 17937.0, 0.0], [5731.0, 0.0, 18400.0, 0.0], [3941.0, 0.0, 18819.0, 0.0], [4049.0, 0.0, 19264.0, 0.0]]
time = [0.964140237, 1.138162112, 1.329549954, 1.011716393, 1.3246252, 1.381657438, 1.299026838, 1.119495296, 1.48930803, 1.932112887, 1.784490808, 1.472671944, 1.433658439, 1.342494785, 1.374136058, 1.587510424, 1.408594626, 1.504855095, 1.774955884, 1.707004646, 1.84842832, 1.501330319, 1.454900187, 1.591926168, 1.382463948, 1.542680857, 1.66113634, 1.52041495, 1.832832843, 2.279960675, 1.881316901, 1.773687444, 1.634034011, 1.763069188, 1.735031715, 2.098059352, 2.003620277, 1.767059887, 1.759653108, 1.795791632]
optimality_gap = [0, 0, 0, 0, 0, 0, 0, 0, 0, 0, 0, 0, 0, 0, 0, 0, 0, 0, 0, 0, 0, 0, 0, 0, 0, 0, 0, 0, 0, 0, 0, 0, 0, 0, 0, 0, 0, 0, 0, 0]
final_time = [108, 163, 203, 244, 352, 346, 411, 451, 600, 571, 600, 672, 717, 738, 817, 860, 910, 1030, 1014, 1041, 1143, 1176, 1220, 1282, 1279, 1364, 1383, 1472, 1545, 1569, 1604, 1655, 1678, 1756, 1832, 1901, 1891, 1939, 2002, 2047]
makespans = [108, 93, 83, 74, 132, 76, 91, 81, 180, 101, 80, 102, 97, 68, 97, 90, 90, 160, 94, 71, 123, 106, 100, 112, 59, 94, 63, 102, 125, 99, 84, 85, 58, 86, 112, 131, 71, 69, 82, 77]
optimal = [true, true, true, true, true, true, true, true, true, true, true, true, true, true, true, true, true, true, true, true, true, true, true, true, true, true, true, true, true, true, true, true, true, true, true, true, true, true, true, true]
arrival_time = [0, 70, 120, 170, 220, 270, 320, 370, 420, 470, 520, 570, 620, 670, 720, 770, 820, 870, 920, 970, 1020, 1070, 1120, 1170, 1220, 1270, 1320, 1370, 1420, 1470, 1520, 1570, 1620, 1670, 1720, 1770, 1820, 1870, 1920, 1970]
feasible = [true, true, true, true, true, true, true, true, true, true, true, true, true, true, true, true, true, true, true, true, true, true, true, true, true, true, true, true, true, true, true, true, true, true, true, true, true, true, true, true]
