fallback_feasible = [true, true, false, true, true, true, false]
cost = [[123.0, 0.0, 452.0, 0.0], [317.0, 1.0, 1019.0, 0.0], [543.0, 0.0, 1507.0, 0.0], [692.0, 0.0, 1976.0, 0.0], [1003.0, 1.0, 2500.0, 0.0], [1249.0, 1.0, 3110.0, 0.0], [-1, -1, -1, -1], [-1, -1, -1, -1]]
time = [0.808436555, 4.235967551, 3.098156529, 4.350505472, 3.10298008, 6.354310577, 9.86283661, 9.795995477]
optimality_gap = [0, 0, 0, 0, 0, 35, 10000, 10000]
final_time = [123, 194, 226, 272, 313, 622, 734, -1]
makespans = [123, 134, 126, 132, 133, 402, 474, -301]
optimal = [true, true, true, true, true, false, false, false]
arrival_time = [0, 60, 100, 140, 180, 220, 260, 300]
feasible = [true, true, true, true, true, true, false, false]
