fallback_feasible = [true, true, false]
cost = [[152.0, 0.0, 684.0, 0.0], [382.0, 0.0, 1657.0, 0.0], [-1, -1, -1, -1], [-1, -1, -1, -1]]
time = [1.151875543, 15.47294105, 16.060402636, 17.032639183]
optimality_gap = [0, 18, 10000, 10000]
final_time = [152, 325, 435, -1]
makespans = [152, 225, 255, -261]
optimal = [true, false, false, false]
arrival_time = [0, 100, 180, 260]
feasible = [true, true, false, false]
