fallback_feasible = [true, true, false]
cost = [[152.0, 0.0, 684.0, 0.0], [382.0, 0.0, 1569.0, 0.0], [-1, -1, -1, -1], [-1, -1, -1, -1]]
time = [1.203629841, 15.229620722, 10.379044236, 15.982087484]
optimality_gap = [0, 9, 10000, 10000]
final_time = [152, 289, 447, -1]
makespans = [152, 189, 267, -261]
optimal = [true, false, false, false]
arrival_time = [0, 100, 180, 260]
feasible = [true, true, false, false]
