fallback_feasible = [true, true, false, true, true, true, false]
cost = [[79.0, 0.0, 230.0, 0.0], [228.0, 0.0, 551.0, 0.0], [347.0, 0.0, 814.0, 0.0], [623.0, 0.0, 1101.0, 0.0], [757.0, 0.0, 1411.0, 0.0], [929.0, 0.0, 1765.0, 0.0], [1288.0, 2.0, 2007.0, 0.0], [-1, -1, -1, -1]]
time = [0.428060169, 0.778600332, 0.749870188, 1.127356246, 1.411935327, 1.437436942, 9.489491974, 9.582596477]
optimality_gap = [0, 0, 0, 0, 0, 0, 3, 10000]
final_time = [79, 149, 198, 276, 283, 372, 439, -1]
makespans = [79, 89, 98, 136, 103, 152, 179, -301]
optimal = [true, true, true, true, true, true, false, false]
arrival_time = [0, 60, 100, 140, 180, 220, 260, 300]
feasible = [true, true, true, true, true, true, true, false]
