fallback_feasible = [true, true, true, true, true, true, true, true, true, true, true, true, true, true, true, true, true, true, true, true, true, true, true, true, true, true, true, true, true, true, true, true, true, true, true, true, true, true, true]
cost = [[105.0, 0.0, 241.0, 0.0], [260.0, 0.0, 435.0, 0.0], [432.0, 0.0, 678.0, 0.0], [537.0, 0.0, 878.0, 0.0], [643.0, 0.0, 1120.0, 0.0], [533.0, 0.0, 1397.0, 0.0], [910.0, 0.0, 1632.0, 0.0], [770.0, 0.0, 1844.0, 0.0], [1182.0, 0.0, 2071.0, 0.0], [1658.0, 0.0, 2325.0, 0.0], [1407.0, 0.0, 2595.0, 0.0], [1540.0, 0.0, 2826.0, 0.0], [1618.0, 1.0, 3080.0, 0.0], [1759.0, 0.0, 3369.0, 0.0], [1297.0, 0.0, 3615.0, 0.0], [2020.0, 0.0, 3870.0, 0.0], [2111.0, 0.0, 4091.0, 0.0], [2348.0, 0.0, 4515.0, 0.0], [3181.0, 2.0, 4697.0, 0.0], [4035.0, 1.0, 4978.0, 0.0], [2565.0, 0.0, 5239.0, 0.0], [2659.0, 0.0, 5512.0, 0.0], [1867.0, 0.0, 5695.0, 0.0], [1917.0, 0.0, 5885.0, 0.0], [2017.0, 0.0, 6072.0, 0.0], [2125.0, 0.0, 6278.0, 0.0], [2199.0, 0.0, 6508.0, 0.0], [2272.0, 0.0, 6800.0, 0.0], [2384.0, 0.0, 7051.0, 0.0], [2479.0, 0.0, 7249.0, 0.0], [3739.0, 0.0, 7423.0, 0.0], [3839.0, 0.0, 7654.0, 0.0], [2678.0, 0.0, 7903.0, 0.0], [2768.0, 0.0, 8145.0, 0.0], [2860.0, 0.0, 8334.0, 0.0], [4339.0, 0.0, 8566.0, 0.0], [3038.0, 0.0, 8801.0, 0.0], [3119.0, 0.0, 9016.0, 0.0], [4709.0, 0.0, 9268.0, 0.0], [3272.0, 0.0, 9519.0, 0.0]]
time = [0.628724994, 0.511076412, 0.887668021, 0.693173817, 0.669523625, 0.670054849, 0.892409456, 0.992574896, 0.769045159, 0.775747649, 0.822449018, 1.089936857, 0.827901094, 0.727668908, 0.791775135, 1.303654645, 2.939513039, 1.733337398, 2.025388419, 1.117846143, 0.979776666, 1.046809432, 0.794903886, 0.771392445, 0.871954185, 1.224410753, 0.8730199, 1.088220538, 1.228857639, 1.109050494, 1.029076684, 1.058581239, 1.137974814, 1.06084876, 1.141422347, 1.072377106, 1.286363701, 1.328964776, 1.268538011, 7.521923037]
optimality_gap = [0, 0, 0, 0, 0, 0, 0, 0, 0, 0, 0, 0, 0, 0, 0, 0, 1, 0, 0, 0, 0, 0, 0, 0, 0, 0, 0, 0, 0, 0, 0, 0, 0, 0, 0, 0, 0, 0, 0, 3]
final_time = [105, 155, 172, 210, 261, 272, 377, 393, 412, 476, 519, 545, 554, 660, 637, 785, 790, 773, 833, 854, 879, 926, 941, 976, 1041, 1084, 1115, 1157, 1227, 1252, 1261, 1326, 1352, 1416, 1444, 1479, 1559, 1560, 1695, 1782]
makespans = [105, 95, 72, 70, 81, 52, 117, 93, 72, 96, 99, 85, 54, 120, 57, 165, 130, 73, 93, 74, 59, 66, 41, 36, 61, 64, 55, 57, 87, 72, 41, 66, 52, 76, 64, 59, 99, 60, 155, 202]
optimal = [true, true, true, true, true, true, true, true, true, true, true, true, true, true, true, true, false, true, true, true, true, true, true, true, true, true, true, true, true, true, true, true, true, true, true, true, true, true, true, false]
arrival_time = [0, 60, 100, 140, 180, 220, 260, 300, 340, 380, 420, 460, 500, 540, 580, 620, 660, 700, 740, 780, 820, 860, 900, 940, 980, 1020, 1060, 1100, 1140, 1180, 1220, 1260, 1300, 1340, 1380, 1420, 1460, 1500, 1540, 1580]
feasible = [true, true, true, true, true, true, true, true, true, true, true, true, true, true, true, true, true, true, true, true, true, true, true, true, true, true, true, true, true, true, true, true, true, true, true, true, true, true, true, true]
