fallback_feasible = [true, true, true, true, true, true, true, true, false, true, true, true, true, true, true, true, true, true, true, true, false, true, true, true, true, true, true, true, false, true, true, true, true, true, true, false]
cost = [[108.0, 0.0, 556.0, 0.0], [261.0, 0.0, 974.0, 0.0], [456.0, 0.0, 1399.0, 0.0], [749.0, 0.0, 2206.0, 0.0], [1087.0, 0.0, 2705.0, 0.0], [949.0, 0.0, 3116.0, 0.0], [1076.0, 0.0, 3602.0, 0.0], [847.0, 0.0, 4026.0, 0.0], [1437.0, 0.0, 4513.0, 0.0], [1151.0, 0.0, 5043.0, 0.0], [1741.0, 0.0, 5528.0, 0.0], [2400.0, 0.0, 5936.0, 0.0], [1367.0, 0.0, 6403.0, 0.0], [2095.0, 0.0, 6874.0, 0.0], [2242.0, 0.0, 7409.0, 0.0], [1656.0, 0.0, 7827.0, 0.0], [2555.0, 0.0, 8273.0, 0.0], [1920.0, 0.0, 8785.0, 0.0], [2027.0, 0.0, 9399.0, 0.0], [3111.0, 0.0, 9905.0, 0.0], [-1, -1, -1, -1], [5763.0, 1.0, 11322.0, 0.0], [5878.0, 0.0, 11819.0, 0.0], [4912.0, 0.0, 12285.0, 0.0], [5018.0, 0.0, 12747.0, 0.0], [5161.0, 0.0, 13218.0, 0.0], [2727.0, 0.0, 13733.0, 0.0], [4189.0, 0.0, 14285.0, 0.0], [2997.0, 0.0, 14774.0, 0.0], [4557.0, 1.0, 15351.0, 0.0], [4694.0, 1.0, 15821.0, 0.0], [4806.0, 0.0, 16259.0, 0.0], [3315.0, 0.0, 16700.0, 0.0], [3415.0, 0.0, 17095.0, 0.0], [3695.0, 0.0, 17576.0, 0.0], [5813.0, 0.0, 18234.0, 0.0], [-1, -1, -1, -1]]
time = [0.818528749, 1.19673, 5.724161888, 2.279803347, 2.070423128, 1.559612035, 1.240061689, 1.151198339, 1.630175581, 1.785672972, 2.046458843, 1.468848569, 1.138234013, 1.457451297, 1.616543537, 1.508445559, 1.378230356, 1.548836408, 2.11436033, 5.256216425, 6.64955367, 5.487539417, 2.619882489, 2.087752442, 1.746188896, 1.70855458, 1.62741652, 1.517138741, 1.723883703, 2.234397368, 1.919747824, 1.68455464, 1.662847401, 1.647621549, 4.320271739, 27.326981446, 13.483158406]
optimality_gap = [0, 0, 3, 0, 0, 0, 0, 0, 0, 0, 0, 0, 0, 0, 0, 0, 0, 0, 0, 55, 10000, 0, 0, 0, 0, 0, 0, 0, 0, 0, 0, 0, 0, 0, 125, 2, 10000]
final_time = [108, 239, 275, 235, 338, 336, 402, 445, 590, 561, 590, 659, 708, 728, 806, 850, 899, 1118, 1096, 1120, 1264, 1165, 1211, 1272, 1271, 1354, 1373, 1462, 1535, 1560, 1599, 1647, 1668, 2146, 2234, 2138, -1]
makespans = [108, 169, 155, 65, 118, 66, 82, 75, 170, 91, 70, 89, 88, 58, 86, 80, 79, 248, 176, 150, 244, 95, 91, 102, 51, 84, 53, 92, 115, 90, 79, 77, 48, 476, 514, 368, -1821]
optimal = [true, true, false, true, true, true, true, true, true, true, true, true, true, true, true, true, true, true, true, false, false, true, true, true, true, true, true, true, true, true, true, true, true, true, false, false, false]
arrival_time = [0, 70, 120, 170, 220, 270, 320, 370, 420, 470, 520, 570, 620, 670, 720, 770, 820, 870, 920, 970, 1020, 1070, 1120, 1170, 1220, 1270, 1320, 1370, 1420, 1470, 1520, 1570, 1620, 1670, 1720, 1770, 1820]
feasible = [true, true, true, true, true, true, true, true, true, true, true, true, true, true, true, true, true, true, true, true, false, true, true, true, true, true, true, true, true, true, true, true, true, true, true, true, false]
