fallback_feasible = [true, true, true, true, true, true, true, true, true, true, false, false, true, false, true, false, false, true, true, true, false, true, true, true, true, true, true, true, true, true, true, true, true, true, true, true, true, true, true]
cost = [[112.0, 0.0, 707.0, 0.0], [308.0, 0.0, 1470.0, 0.0], [465.0, 0.0, 2121.0, 0.0], [797.0, 0.0, 2864.0, 0.0], [994.0, 0.0, 3612.0, 0.0], [1138.0, 0.0, 4321.0, 0.0], [1303.0, 1.0, 5076.0, 0.0], [1033.0, 0.0, 5769.0, 0.0], [1645.0, 0.0, 6532.0, 0.0], [2043.0, 0.0, 7645.0, 0.0], [-1, -1, -1, -1], [2464.0, 0.0, 9123.0, 0.0], [3602.0, 1.0, 10295.0, 0.0], [-1, -1, -1, -1], [4029.0, 0.0, 11613.0, 0.0], [-1, -1, -1, -1], [5356.0, 0.0, 13032.0, 0.0], [4507.0, 0.0, 13757.0, 0.0], [3581.0, 0.0, 14513.0, 0.0], [-1, -1, -1, -1], [5123.0, 1.0, 15946.0, 0.0], [4047.0, 0.0, 16777.0, 0.0], [4159.0, 0.0, 17455.0, 0.0], [2935.0, 0.0, 18157.0, 0.0], [3092.0, 0.0, 18963.0, 0.0], [3260.0, 0.0, 19637.0, 0.0], [4949.0, 0.0, 20347.0, 0.0], [5115.0, 3.0, 21108.0, 0.0], [3542.0, 0.0, 21788.0, 0.0], [5439.0, 0.0, 22573.0, 0.0], [3825.0, 0.0, 23273.0, 0.0], [5830.0, 1.0, 23980.0, 0.0], [4033.0, 0.0, 24714.0, 0.0], [6163.0, 0.0, 25566.0, 0.0], [4291.0, 0.0, 26296.0, 0.0], [6487.0, 0.0, 27073.0, 0.0], [4511.0, 0.0, 27921.0, 0.0], [-1, -1, -1, -1], [7174.0, 1.0, 29221.0, 0.0], [7393.0, 0.0, 30109.0, 0.0]]
time = [1.034267619, 1.417466093, 1.5400549, 1.817478849, 1.926296642, 1.753659442, 1.638588798, 1.645831408, 9.767974826, 3.468021505, 9.752014784, 11.745817451, 6.166358577, 9.911019986, 8.38084946, 10.181955119, 5.552529325, 4.134709634, 2.870270604, 9.639391558, 3.326407671, 2.571077628, 2.228754999, 2.068406573, 2.355596604, 2.352684429, 2.384974397, 2.433791329, 2.723318163, 2.207751136, 2.598724933, 2.546538599, 2.298921334, 2.530769652, 2.675705985, 2.619580365, 2.565070011, 9.539965001, 5.466674776, 8.376266817]
optimality_gap = [0, 0, 0, 0, 0, 0, 0, 0, 3, 0, 10000, 117, 0, 10000, 0, 10000, 0, 0, 0, 10000, 0, 0, 0, 0, 0, 0, 0, 0, 0, 0, 0, 0, 0, 0, 0, 0, 0, 10000, 0, 73]
final_time = [112, 196, 269, 332, 393, 413, 497, 647, 824, 669, 984, 965, 829, 1082, 998, 1226, 1066, 1133, 1222, 1357, 1318, 1372, 1430, 1505, 1587, 1673, 1689, 1753, 1789, 1897, 1928, 2005, 2028, 2130, 2161, 2196, 2315, 2542, 2518, 2589]
makespans = [112, 116, 129, 132, 133, 93, 117, 207, 324, 109, 364, 285, 89, 282, 138, 306, 86, 93, 122, 197, 98, 92, 90, 105, 127, 153, 109, 113, 89, 137, 108, 125, 88, 130, 101, 76, 135, 302, 218, 229]
optimal = [true, true, true, true, true, true, true, true, false, true, false, false, true, false, true, false, true, true, true, false, true, true, true, true, true, true, true, true, true, true, true, true, true, true, true, true, true, false, true, false]
arrival_time = [0, 80, 140, 200, 260, 320, 380, 440, 500, 560, 620, 680, 740, 800, 860, 920, 980, 1040, 1100, 1160, 1220, 1280, 1340, 1400, 1460, 1520, 1580, 1640, 1700, 1760, 1820, 1880, 1940, 2000, 2060, 2120, 2180, 2240, 2300, 2360]
feasible = [true, true, true, true, true, true, true, true, true, true, false, true, true, false, true, false, true, true, true, false, true, true, true, true, true, true, true, true, true, true, true, true, true, true, true, true, true, false, true, true]
