fallback_feasible = [true, true, false, false]
cost = [[129.0, 0.0, 590.0, 0.0], [385.0, 0.0, 1537.0, 0.0], [876.0, 0.0, 2714.0, 0.0], [1380.0, 0.0, 3440.0, 0.0], [-1, -1, -1, -1]]
time = [2.68524356, 10.068490537, 3.672343076, 7.698301049, 10.129727138]
optimality_gap = [35, 1, 0, 147, 10000]
final_time = [475, 446, 303, 506, -1]
makespans = [475, 356, 143, 276, -301]
optimal = [false, false, true, false, false]
arrival_time = [0, 90, 160, 230, 300]
feasible = [true, true, true, true, false]
