fallback_feasible = [true, true, true, true, true, true, true, false]
cost = [[101.0, 0.0, 501.0, 0.0], [287.0, 0.0, 1181.0, 0.0], [445.0, 0.0, 1704.0, 0.0], [590.0, 0.0, 2210.0, 0.0], [967.0, 0.0, 2756.0, 0.0], [1133.0, 0.0, 3270.0, 0.0], [1279.0, 0.0, 3755.0, 0.0], [1051.0, 0.0, 4347.0, 0.0], [-1, -1, -1, -1]]
time = [0.935989036, 0.965828143, 1.158155422, 13.056004238, 1.801114007, 5.865115534, 2.050230083, 2.511964239, 9.284022924]
optimality_gap = [0, 0, 0, 0, 0, 0, 0, 0, 10000]
final_time = [101, 186, 259, 331, 377, 425, 477, 574, -1]
makespans = [101, 106, 119, 131, 117, 105, 97, 134, -501]
optimal = [true, true, true, true, true, true, true, true, false]
arrival_time = [0, 80, 140, 200, 260, 320, 380, 440, 500]
feasible = [true, true, true, true, true, true, true, true, false]
