fallback_feasible = [true, true, false, true, true, true, true, true, true, true, false]
cost = [[88.0, 0.0, 709.0, 0.0], [265.0, 0.0, 1455.0, 0.0], [488.0, 0.0, 2185.0, 0.0], [644.0, 0.0, 2865.0, 0.0], [1019.0, 0.0, 3510.0, 0.0], [823.0, 0.0, 4158.0, 0.0], [985.0, 0.0, 4840.0, 0.0], [1170.0, 0.0, 5598.0, 0.0], [1364.0, 0.0, 6289.0, 0.0], [2424.0, 0.0, 7346.0, 0.0], [4046.0, 0.0, 8559.0, 0.0], [-1, -1, -1, -1]]
time = [1.036246294, 1.548162217, 1.519799349, 1.700924332, 1.589519905, 1.751105022, 1.700752226, 1.739717631, 5.002487469, 9.882023123, 23.091014524, 53.670392173]
optimality_gap = [0, 0, 0, 0, 0, 0, 0, 0, 50, 100, 306, 10000]
final_time = [88, 177, 311, 333, 375, 448, 537, 1241, 1328, 1243, 1164, -1]
makespans = [88, 87, 151, 103, 75, 78, 97, 731, 748, 593, 444, -791]
optimal = [true, true, true, true, true, true, true, true, false, false, false, false]
arrival_time = [0, 90, 160, 230, 300, 370, 440, 510, 580, 650, 720, 790]
feasible = [true, true, true, true, true, true, true, true, true, true, true, false]
