fallback_feasible = [true, true, true, false]
cost = [[110.0, 0.0, 725.0, 0.0], [384.0, 0.0, 1671.0, 0.0], [633.0, 0.0, 2511.0, 0.0], [-1, -1, -1, -1], [-1, -1, -1, -1]]
time = [1.250778601, 1.318040706, 15.990207342, 16.340085026, 10.459654044]
optimality_gap = [0, 0, 22, 10000, 10000]
final_time = [110, 274, 524, 626, -1]
makespans = [110, 184, 364, 396, -301]
optimal = [true, true, false, false, false]
arrival_time = [0, 90, 160, 230, 300]
feasible = [true, true, true, false, false]
