fallback_feasible = [true, true, true, false, false]
cost = [[159.0, 0.0, 734.0, 0.0], [332.0, 0.0, 1455.0, 0.0], [569.0, 0.0, 2180.0, 0.0], [945.0, 0.0, 3264.0, 0.0], [1827.0, 0.0, 4548.0, 0.0], [-1, -1, -1, -1]]
time = [1.242787022, 1.762538409, 9.490405689, 6.653453881, 11.799928703, 13.026846375]
optimality_gap = [0, 0, 2, 36, 144, 10000]
final_time = [159, 563, 626, 585, 574, -1]
makespans = [159, 483, 486, 385, 314, -321]
optimal = [true, true, false, false, false, false]
arrival_time = [0, 80, 140, 200, 260, 320]
feasible = [true, true, true, true, true, false]
