fallback_feasible = [true, true, true, false, false, true, true, true, true, true, true, true, true, true, true, true, true, true, true, true, true, true, false, true, true, true, true, true, true, true, true, true, true, false, false, false, true, true, true]
cost = [[78.0, 0.0, 212.0, 0.0], [218.0, 0.0, 549.0, 0.0], [343.0, 0.0, 885.0, 0.0], [585.0, 0.0, 1186.0, 0.0], [771.0, 0.0, 1522.0, 0.0], [881.0, 1.0, 1798.0, 0.0], [974.0, 2.0, 2012.0, 0.0], [1429.0, 0.0, 2325.0, 0.0], [1214.0, 1.0, 2574.0, 0.0], [1356.0, 0.0, 2833.0, 0.0], [1862.0, 1.0, 3111.0, 0.0], [1965.0, 0.0, 3372.0, 0.0], [1603.0, 0.0, 3647.0, 0.0], [1228.0, 0.0, 3942.0, 0.0], [1310.0, 3.0, 4158.0, 0.0], [2038.0, 0.0, 4500.0, 0.0], [2817.0, 0.0, 4829.0, 0.0], [2290.0, 0.0, 5101.0, 0.0], [2399.0, 0.0, 5422.0, 0.0], [3260.0, 0.0, 5730.0, 0.0], [2632.0, 0.0, 6018.0, 0.0], [2871.0, 0.0, 6390.0, 0.0], [3035.0, 0.0, 6685.0, 0.0], [4079.0, 1.0, 6923.0, 0.0], [5184.0, 0.0, 7296.0, 0.0], [5291.0, 0.0, 7552.0, 0.0], [3334.0, 0.0, 7847.0, 0.0], [3466.0, 0.0, 8164.0, 0.0], [3627.0, 0.0, 8509.0, 0.0], [3766.0, 0.0, 8786.0, 0.0], [5106.0, 11.0, 9063.0, 0.0], [5351.0, 0.0, 9350.0, 0.0], [4259.0, 0.0, 9688.0, 0.0], [5799.0, 0.0, 9924.0, 0.0], [7303.0, 0.0, 10284.0, 0.0], [7454.0, 1.0, 10562.0, 0.0], [6176.0, 1.0, 10884.0, 0.0], [7788.0, 0.0, 11184.0, 0.0], [6371.0, 1.0, 11406.0, 0.0], [6478.0, 1.0, 11661.0, 0.0]]
time = [0.438712077, 0.599133543, 0.930003776, 0.989335152, 0.882632539, 1.584437671, 1.618673893, 1.403766398, 1.488583408, 1.819995644, 2.003087071, 1.877048694, 1.875190337, 1.388842477, 1.592374888, 1.892918518, 1.825501753, 1.891896249, 1.694453113, 1.900737274, 6.275788079, 2.156819977, 2.357302041, 2.736430731, 2.686650515, 2.418335053, 2.135542033, 2.138148905, 2.232264689, 2.557355411, 7.542357713, 2.832971025, 6.015001506, 3.86275625, 4.702922862, 3.618578292, 3.434985244, 3.420062969, 3.326220818, 2.491186131]
optimality_gap = [0, 0, 0, 0, 0, 0, 0, 0, 0, 0, 0, 0, 0, 0, 0, 0, 0, 0, 0, 0, 1, 0, 0, 0, 0, 0, 0, 0, 0, 0, 1, 0, 7, 0, 0, 0, 0, 0, 0, 0]
final_time = [78, 140, 203, 242, 326, 313, 335, 455, 424, 477, 506, 527, 570, 658, 652, 728, 779, 783, 837, 862, 1031, 978, 1026, 1044, 1105, 1085, 1144, 1217, 1267, 1283, 1424, 1377, 1561, 1437, 1504, 1528, 1583, 1612, 1615, 1668]
makespans = [78, 80, 103, 102, 146, 93, 75, 155, 84, 97, 86, 67, 70, 118, 72, 108, 119, 83, 97, 82, 211, 118, 126, 104, 125, 65, 84, 117, 127, 103, 204, 117, 261, 97, 124, 108, 123, 112, 75, 88]
optimal = [true, true, true, true, true, true, true, true, true, true, true, true, true, true, true, true, true, true, true, true, false, true, true, true, true, true, true, true, true, true, false, true, false, true, true, true, true, true, true, true]
arrival_time = [0, 60, 100, 140, 180, 220, 260, 300, 340, 380, 420, 460, 500, 540, 580, 620, 660, 700, 740, 780, 820, 860, 900, 940, 980, 1020, 1060, 1100, 1140, 1180, 1220, 1260, 1300, 1340, 1380, 1420, 1460, 1500, 1540, 1580]
feasible = [true, true, true, true, true, true, true, true, true, true, true, true, true, true, true, true, true, true, true, true, true, true, true, true, true, true, true, true, true, true, true, true, true, true, true, true, true, true, true, true]
