fallback_feasible = [true, true, false, true, true, true, true, true, true, false, true, false]
cost = [[87.0, 0.0, 442.0, 0.0], [258.0, 0.0, 1087.0, 0.0], [422.0, 0.0, 1685.0, 0.0], [718.0, 0.0, 2290.0, 0.0], [849.0, 1.0, 2757.0, 0.0], [974.0, 1.0, 3294.0, 0.0], [786.0, 1.0, 3809.0, 0.0], [1301.0, 0.0, 4467.0, 0.0], [1065.0, 1.0, 5100.0, 0.0], [1684.0, 2.0, 5535.0, 0.0], [2364.0, 0.0, 6084.0, 0.0], [2160.0, 1.0, 6657.0, 0.0], [-1, -1, -1, -1]]
time = [1.118036094, 1.065781495, 1.601012746, 1.662983464, 2.490754962, 1.594555933, 3.827882786, 1.651406798, 1.768485326, 3.616526866, 7.407074915, 16.74338807, 16.392525859]
optimality_gap = [0, 0, 0, 0, 0, 0, 0, 0, 0, 0, 23, 23, 10000]
final_time = [87, 171, 251, 296, 302, 376, 410, 515, 550, 619, 846, 936, -1]
makespans = [87, 101, 131, 126, 82, 106, 90, 145, 130, 149, 326, 366, -621]
optimal = [true, true, true, true, true, true, true, true, true, true, false, false, false]
arrival_time = [0, 70, 120, 170, 220, 270, 320, 370, 420, 470, 520, 570, 620]
feasible = [true, true, true, true, true, true, true, true, true, true, true, true, false]
