fallback_feasible = [true, true, true, true, true, true, true, true, true, true, true, true, true, true, true, true, true, true, true, true, true, true, true, true, true, true, true, true, true, true, true, true, true, true, true, true, true, true, true]
cost = [[92.0, 0.0, 232.0, 0.0], [170.0, 0.0, 468.0, 0.0], [264.0, 0.0, 746.0, 0.0], [344.0, 0.0, 960.0, 0.0], [425.0, 0.0, 1182.0, 0.0], [493.0, 0.0, 1428.0, 0.0], [597.0, 0.0, 1630.0, 0.0], [680.0, 0.0, 1889.0, 0.0], [800.0, 0.0, 2158.0, 0.0], [875.0, 0.0, 2384.0, 0.0], [919.0, 0.0, 2543.0, 0.0], [997.0, 0.0, 2776.0, 0.0], [1080.0, 0.0, 2982.0, 0.0], [1144.0, 0.0, 3183.0, 0.0], [1198.0, 1.0, 3357.0, 0.0], [1251.0, 0.0, 3594.0, 0.0], [1329.0, 0.0, 3823.0, 0.0], [1403.0, 0.0, 4031.0, 0.0], [1526.0, 0.0, 4219.0, 0.0], [1584.0, 0.0, 4424.0, 0.0], [1684.0, 0.0, 4644.0, 0.0], [1746.0, 0.0, 4842.0, 0.0], [1812.0, 0.0, 5010.0, 0.0], [1921.0, 0.0, 5268.0, 0.0], [1999.0, 0.0, 5508.0, 0.0], [2083.0, 0.0, 5732.0, 0.0], [2140.0, 0.0, 5943.0, 0.0], [2276.0, 0.0, 6175.0, 0.0], [2346.0, 0.0, 6336.0, 0.0], [2416.0, 0.0, 6506.0, 0.0], [2513.0, 0.0, 6770.0, 0.0], [2597.0, 0.0, 7023.0, 0.0], [2726.0, 0.0, 7276.0, 0.0], [2834.0, 0.0, 7508.0, 0.0], [2923.0, 0.0, 7717.0, 0.0], [3024.0, 0.0, 7942.0, 0.0], [3094.0, 0.0, 8126.0, 0.0], [3186.0, 0.0, 8340.0, 0.0], [3256.0, 0.0, 8576.0, 0.0], [3338.0, 0.0, 8794.0, 0.0]]
time = [0.469308039, 0.458717622, 0.810327799, 0.566456687, 0.624655188, 0.806751021, 1.11413281, 0.963185944, 1.103948703, 0.97908029, 0.919171925, 1.011114927, 0.996170598, 0.780976287, 0.999426112, 0.752010657, 1.109454478, 1.124080508, 1.140580353, 0.935074915, 1.174487986, 1.129229843, 1.11213144, 1.249737963, 1.247425053, 1.283384671, 1.245693262, 1.401827176, 1.298863671, 1.31410304, 1.609393146, 1.454679729, 1.747300541, 1.64765172, 1.577308283, 1.791732531, 1.637000794, 1.651878865, 1.73555092, 1.807380175]
optimality_gap = [0, 0, 0, 0, 0, 0, 0, 0, 0, 0, 0, 0, 0, 0, 0, 0, 0, 0, 0, 0, 0, 0, 0, 0, 0, 0, 0, 0, 0, 0, 0, 0, 0, 0, 0, 0, 0, 0, 0, 0]
final_time = [92, 170, 264, 344, 425, 493, 597, 680, 800, 875, 919, 997, 1080, 1144, 1198, 1251, 1329, 1403, 1526, 1584, 1684, 1746, 1812, 1921, 1999, 2083, 2140, 2276, 2346, 2416, 2513, 2597, 2726, 2834, 2923, 3024, 3094, 3186, 3256, 3338]
makespans = [92, 120, 184, 234, 285, 323, 397, 450, 540, 585, 599, 647, 700, 734, 758, 781, 829, 873, 966, 994, 1064, 1096, 1132, 1211, 1259, 1313, 1340, 1446, 1486, 1526, 1593, 1647, 1746, 1824, 1883, 1954, 1994, 2056, 2096, 2148]
optimal = [true, true, true, true, true, true, true, true, true, true, true, true, true, true, true, true, true, true, true, true, true, true, true, true, true, true, true, true, true, true, true, true, true, true, true, true, true, true, true, true]
arrival_time = [0, 50, 80, 110, 140, 170, 200, 230, 260, 290, 320, 350, 380, 410, 440, 470, 500, 530, 560, 590, 620, 650, 680, 710, 740, 770, 800, 830, 860, 890, 920, 950, 980, 1010, 1040, 1070, 1100, 1130, 1160, 1190]
feasible = [true, true, true, true, true, true, true, true, true, true, true, true, true, true, true, true, true, true, true, true, true, true, true, true, true, true, true, true, true, true, true, true, true, true, true, true, true, true, true, true]
