fallback_feasible = [true, true, true, true, true, true, true, true, true, true, true, true, true, true, true, true, true, true, true, true, true, true, true, true, true, true, true, true, true, true, true, true, true, true, true, true, true, true, true]
cost = [[97.0, 0.0, 462.0, 0.0], [283.0, 0.0, 886.0, 0.0], [418.0, 0.0, 1384.0, 0.0], [534.0, 0.0, 1795.0, 0.0], [1121.0, 0.0, 2557.0, 0.0], [1526.0, 0.0, 3090.0, 0.0], [1683.0, 0.0, 3575.0, 0.0], [981.0, 0.0, 4079.0, 0.0], [1130.0, 0.0, 4548.0, 0.0], [1277.0, 0.0, 5009.0, 0.0], [1970.0, 0.0, 5498.0, 0.0], [1493.0, 0.0, 5997.0, 0.0], [1645.0, 0.0, 6430.0, 0.0], [2559.0, 0.0, 6849.0, 0.0], [1920.0, 0.0, 7327.0, 0.0], [2981.0, 1.0, 7835.0, 0.0], [3176.0, 0.0, 8378.0, 0.0], [3327.0, 0.0, 8899.0, 0.0], [3485.0, 0.0, 9426.0, 0.0], [3629.0, 0.0, 9914.0, 0.0], [3812.0, 0.0, 10365.0, 0.0], [2719.0, 0.0, 10879.0, 0.0], [4147.0, 0.0, 11367.0, 0.0], [2945.0, 0.0, 11807.0, 0.0], [3071.0, 0.0, 12238.0, 0.0], [4671.0, 0.0, 12689.0, 0.0], [3263.0, 0.0, 13175.0, 0.0], [3384.0, 0.0, 13594.0, 0.0], [3520.0, 0.0, 14110.0, 0.0], [3668.0, 0.0, 14535.0, 0.0], [3832.0, 0.0, 15001.0, 0.0], [3938.0, 0.0, 15395.0, 0.0], [5973.0, 0.0, 15948.0, 0.0], [4107.0, 0.0, 16387.0, 0.0], [4229.0, 0.0, 16990.0, 0.0], [4355.0, 0.0, 17404.0, 0.0], [4482.0, 0.0, 17946.0, 0.0], [4612.0, 0.0, 18423.0, 0.0], [7173.0, 1.0, 19194.0, 0.0], [9631.0, 0.0, 19658.0, 0.0]]
time = [0.626133754, 0.954326816, 1.312357473, 5.736217723, 2.165811898, 1.897627741, 1.435901096, 1.152639817, 1.133319946, 1.148196827, 1.311088747, 1.414606512, 1.285247756, 1.538316951, 1.51326791, 1.7307969, 1.765914036, 1.646689384, 1.520719373, 1.380262655, 1.665042699, 1.694474292, 1.640205009, 1.514671989, 1.573175148, 1.577409913, 1.379973787, 1.395074944, 1.591023408, 1.776395904, 1.936883659, 1.589524601, 1.627131078, 1.614817991, 1.971132207, 2.024589657, 1.981910902, 7.8592852, 3.308260913, 2.514233181]
optimality_gap = [0, 0, 0, 3, 0, 0, 0, 0, 0, 0, 0, 0, 0, 0, 0, 0, 0, 0, 0, 0, 0, 0, 0, 0, 0, 0, 0, 0, 0, 0, 0, 0, 0, 0, 0, 0, 0, 1, 0, 0]
final_time = [97, 186, 316, 405, 400, 405, 473, 508, 622, 655, 693, 800, 845, 914, 1006, 1061, 1109, 1157, 1219, 1253, 1340, 1379, 1428, 1517, 1554, 1600, 1663, 1721, 1799, 1869, 1963, 1975, 2035, 2072, 2157, 2198, 2355, 2412, 2406, 2458]
makespans = [97, 106, 176, 205, 140, 85, 93, 68, 122, 95, 73, 120, 105, 114, 146, 141, 129, 117, 119, 93, 120, 99, 88, 117, 94, 80, 83, 81, 99, 109, 143, 95, 95, 72, 97, 78, 175, 172, 106, 98]
optimal = [true, true, true, false, true, true, true, true, true, true, true, true, true, true, true, true, true, true, true, true, true, true, true, true, true, true, true, true, true, true, true, true, true, true, true, true, true, false, true, true]
arrival_time = [0, 80, 140, 200, 260, 320, 380, 440, 500, 560, 620, 680, 740, 800, 860, 920, 980, 1040, 1100, 1160, 1220, 1280, 1340, 1400, 1460, 1520, 1580, 1640, 1700, 1760, 1820, 1880, 1940, 2000, 2060, 2120, 2180, 2240, 2300, 2360]
feasible = [true, true, true, true, true, true, true, true, true, true, true, true, true, true, true, true, true, true, true, true, true, true, true, true, true, true, true, true, true, true, true, true, true, true, true, true, true, true, true, true]
