fallback_feasible = [true, true, true, true, true, true, true, true, true, true, true, true, true, true, true, true, true, true, true, true, true, true, true, true, true, true, true, true, true, true, true, true, true, true, true, true, true, true, true]
cost = [[108.0, 0.0, 556.0, 0.0], [271.0, 0.0, 1047.0, 0.0], [366.0, 0.0, 1485.0, 0.0], [610.0, 0.0, 2016.0, 0.0], [596.0, 0.0, 2563.0, 0.0], [698.0, 0.0, 3044.0, 0.0], [1109.0, 0.0, 3576.0, 0.0], [862.0, 0.0, 3923.0, 0.0], [1462.0, 0.0, 4448.0, 0.0], [1171.0, 0.0, 4962.0, 0.0], [1771.0, 0.0, 5474.0, 0.0], [2443.0, 0.0, 5922.0, 0.0], [1389.0, 0.0, 6395.0, 0.0], [2127.0, 0.0, 6836.0, 0.0], [2272.0, 0.0, 7387.0, 0.0], [1677.0, 1.0, 7789.0, 0.0], [2587.0, 0.0, 8212.0, 0.0], [1940.0, 0.0, 8688.0, 0.0], [2044.0, 0.0, 9302.0, 0.0], [3085.0, 0.0, 9797.0, 0.0], [4228.0, 0.0, 10322.0, 0.0], [2319.0, 0.0, 10806.0, 0.0], [3539.0, 0.0, 11285.0, 0.0], [3678.0, 0.0, 11776.0, 0.0], [3781.0, 0.0, 12191.0, 0.0], [3925.0, 0.0, 12587.0, 0.0], [2747.0, 0.0, 13068.0, 0.0], [4219.0, 0.0, 13596.0, 0.0], [3017.0, 0.0, 14108.0, 0.0], [4586.0, 0.0, 14624.0, 0.0], [4718.0, 1.0, 15205.0, 0.0], [4828.0, 0.0, 15687.0, 0.0], [3333.0, 0.0, 16069.0, 0.0], [3434.0, 0.0, 16486.0, 0.0], [3588.0, 0.0, 16968.0, 0.0], [3733.0, 0.0, 17474.0, 0.0], [5624.0, 0.0, 17937.0, 0.0], [5731.0, 0.0, 18400.0, 0.0], [3941.0, 0.0, 18819.0, 0.0], [4049.0, 0.0, 19264.0, 0.0]]
time = [0.764481121, 1.169026834, 1.22201208, 1.133889612, 1.255888034, 1.457875405, 1.218875278, 1.059034589, 1.387729847, 1.770618337, 1.737733055, 1.410501581, 1.323442522, 1.223639109, 1.279990842, 1.459560066, 1.374987541, 1.554426039, 1.712832099, 1.592236749, 1.741473145, 1.401522948, 1.369862144, 1.491786863, 1.335231758, 1.425776735, 1.533122047, 1.40998003, 1.591214631, 2.153325855, 1.757105694, 1.820200527, 1.663969842, 1.678687521, 1.683201055, 2.005368912, 2.059515133, 1.672149236, 1.738169565, 1.574913218]
optimality_gap = [0, 0, 0, 0, 0, 0, 0, 0, 0, 0, 0, 0, 0, 0, 0, 0, 0, 0, 0, 0, 0, 0, 0, 0, 0, 0, 0, 0, 0, 0, 0, 0, 0, 0, 0, 0, 0, 0, 0, 0]
final_time = [108, 163, 203, 244, 352, 346, 411, 451, 600, 571, 600, 672, 717, 738, 817, 860, 910, 1030, 1014, 1041, 1143, 1176, 1220, 1282, 1279, 1364, 1383, 1472, 1545, 1569, 1604, 1655, 1678, 1756, 1832, 1901, 1891, 1939, 2002, 2047]
makespans = [108, 93, 83, 74, 132, 76, 91, 81, 180, 101, 80, 102, 97, 68, 97, 90, 90, 160, 94, 71, 123, 106, 100, 112, 59, 94, 63, 102, 125, 99, 84, 85, 58, 86, 112, 131, 71, 69, 82, 77]
optimal = [true, true, true, true, true, true, true, true, true, true, true, true, true, true, true, true, true, true, true, true, true, true, true, true, true, true, true, true, true, true, true, true, true, true, true, true, true, true, true, true]
arrival_time = [0, 70, 120, 170, 220, 270, 320, 370, 420, 470, 520, 570, 620, 670, 720, 770, 820, 870, 920, 970, 1020, 1070, 1120, 1170, 1220, 1270, 1320, 1370, 1420, 1470, 1520, 1570, 1620, 1670, 1720, 1770, 1820, 1870, 1920, 1970]
feasible = [true, true, true, true, true, true, true, true, true, true, true, true, true, true, true, true, true, true, true, true, true, true, true, true, true, true, true, true, true, true, true, true, true, true, true, true, true, true, true, true]
