fallback_feasible = [true, false, true, true, true, true, true, true, true, true, true, true, true, true, true, true, true, true, true, true, true, true, true, true, true, true, true, true, true, true, true, true, true, true, true, true, true, true, true]
cost = [[72.0, 0.0, 216.0, 0.0], [190.0, 0.0, 423.0, 0.0], [304.0, 0.0, 681.0, 0.0], [383.0, 0.0, 940.0, 0.0], [446.0, 0.0, 1152.0, 0.0], [539.0, 0.0, 1424.0, 0.0], [626.0, 0.0, 1623.0, 0.0], [704.0, 0.0, 1851.0, 0.0], [801.0, 0.0, 2099.0, 0.0], [881.0, 0.0, 2336.0, 0.0], [954.0, 0.0, 2556.0, 0.0], [1047.0, 0.0, 2736.0, 0.0], [1112.0, 0.0, 2918.0, 0.0], [1191.0, 0.0, 3129.0, 0.0], [1262.0, 0.0, 3346.0, 0.0], [1338.0, 0.0, 3557.0, 0.0], [1399.0, 0.0, 3784.0, 0.0], [1505.0, 0.0, 4008.0, 0.0], [1659.0, 0.0, 4299.0, 0.0], [1757.0, 0.0, 4566.0, 0.0], [1821.0, 0.0, 4792.0, 0.0], [1885.0, 0.0, 5001.0, 0.0], [1971.0, 0.0, 5246.0, 0.0], [2052.0, 0.0, 5460.0, 0.0], [2130.0, 0.0, 5690.0, 0.0], [2209.0, 0.0, 5839.0, 0.0], [2308.0, 1.0, 6141.0, 0.0], [2370.0, 0.0, 6356.0, 0.0], [2463.0, 0.0, 6621.0, 0.0], [2565.0, 0.0, 6830.0, 0.0], [2621.0, 0.0, 7057.0, 0.0], [2722.0, 0.0, 7313.0, 0.0], [2841.0, 0.0, 7550.0, 0.0], [2924.0, 0.0, 7784.0, 0.0], [3049.0, 0.0, 8070.0, 0.0], [3124.0, 0.0, 8294.0, 0.0], [3201.0, 0.0, 8526.0, 0.0], [3253.0, 0.0, 8702.0, 0.0], [3350.0, 0.0, 8912.0, 0.0], [3457.0, 0.0, 9117.0, 0.0]]
time = [0.484906888, 0.537353057, 0.613374489, 0.825372945, 0.664354111, 0.663771154, 0.797320495, 0.701504879, 0.779056679, 0.71702198, 0.763387425, 1.082537685, 1.026713414, 0.892073298, 1.099334016, 1.060532093, 1.04704249, 1.086709126, 1.481701268, 1.2113859, 0.920347493, 1.202292043, 1.224419702, 1.26878291, 1.312040167, 1.359466221, 1.365911856, 1.351470598, 1.504040922, 1.472044727, 1.383525569, 1.498134788, 1.796148844, 1.597303207, 1.689476459, 1.677048966, 1.658724684, 1.618650006, 1.73767753, 1.755373481]
optimality_gap = [0, 0, 0, 0, 0, 0, 0, 0, 0, 0, 0, 0, 0, 0, 0, 0, 0, 0, 0, 0, 0, 0, 0, 0, 0, 0, 0, 0, 0, 0, 0, 0, 0, 0, 0, 0, 0, 0, 0, 0]
final_time = [72, 190, 304, 383, 446, 539, 626, 704, 801, 881, 954, 1047, 1112, 1191, 1262, 1338, 1399, 1505, 1659, 1757, 1821, 1885, 1971, 2052, 2130, 2209, 2308, 2370, 2463, 2565, 2621, 2722, 2841, 2924, 3049, 3124, 3201, 3253, 3350, 3457]
makespans = [72, 150, 244, 303, 346, 419, 486, 544, 621, 681, 734, 807, 852, 911, 962, 1018, 1059, 1145, 1279, 1357, 1401, 1445, 1511, 1572, 1630, 1689, 1768, 1810, 1883, 1965, 2001, 2082, 2181, 2244, 2349, 2404, 2461, 2493, 2570, 2657]
optimal = [true, true, true, true, true, true, true, true, true, true, true, true, true, true, true, true, true, true, true, true, true, true, true, true, true, true, true, true, true, true, true, true, true, true, true, true, true, true, true, true]
arrival_time = [0, 40, 60, 80, 100, 120, 140, 160, 180, 200, 220, 240, 260, 280, 300, 320, 340, 360, 380, 400, 420, 440, 460, 480, 500, 520, 540, 560, 580, 600, 620, 640, 660, 680, 700, 720, 740, 760, 780, 800]
feasible = [true, true, true, true, true, true, true, true, true, true, true, true, true, true, true, true, true, true, true, true, true, true, true, true, true, true, true, true, true, true, true, true, true, true, true, true, true, true, true, true]
