fallback_feasible = [true, true, true, true, true, true, true, true, true, true, true, true, true, true, true, true, true, true, true, true, true, true, true, true, true, true, true, true, false, true, true, true, false, true, true, true, false, true, true]
cost = [[125.0, 0.0, 467.0, 0.0], [250.0, 0.0, 911.0, 0.0], [430.0, 1.0, 1347.0, 0.0], [651.0, 0.0, 1837.0, 0.0], [659.0, 0.0, 2265.0, 0.0], [789.0, 0.0, 2769.0, 0.0], [919.0, 0.0, 3290.0, 0.0], [1040.0, 1.0, 3764.0, 0.0], [1144.0, 0.0, 4275.0, 0.0], [1304.0, 0.0, 4737.0, 0.0], [1449.0, 0.0, 5251.0, 0.0], [1613.0, 0.0, 5791.0, 0.0], [2176.0, 0.0, 6251.0, 0.0], [2292.0, 0.0, 6813.0, 0.0], [2452.0, 0.0, 7347.0, 0.0], [2066.0, 0.0, 7945.0, 0.0], [2181.0, 0.0, 8480.0, 0.0], [2963.0, 0.0, 8967.0, 0.0], [3093.0, 0.0, 9379.0, 0.0], [2465.0, 0.0, 9916.0, 0.0], [2604.0, 0.0, 10390.0, 0.0], [2734.0, 0.0, 10885.0, 0.0], [2897.0, 0.0, 11488.0, 0.0], [3895.0, 1.0, 11898.0, 0.0], [3103.0, 0.0, 12411.0, 0.0], [3218.0, 0.0, 12840.0, 0.0], [3331.0, 0.0, 13314.0, 0.0], [3432.0, 1.0, 13830.0, 0.0], [3539.0, 0.0, 14419.0, 0.0], [3669.0, 0.0, 14882.0, 0.0], [3783.0, 0.0, 15424.0, 0.0], [3933.0, 0.0, 15940.0, 0.0], [5500.0, 0.0, 16698.0, 0.0], [5632.0, 1.0, 17325.0, 0.0], [7096.0, 0.0, 17820.0, 0.0], [7559.0, 0.0, 18462.0, 0.0], [9070.0, 1.0, 18867.0, 0.0], [9188.0, 0.0, 19357.0, 0.0], [9628.0, 1.0, 20363.0, 0.0], [11283.0, 1.0, 20829.0, 0.0]]
time = [0.956227275, 1.813953961, 1.512138592, 1.497261171, 1.368482265, 1.478258698, 1.511908328, 1.490544543, 1.674436747, 1.490666641, 1.390647749, 1.739299572, 1.757992856, 1.561250488, 1.594894232, 1.928361227, 1.831355177, 1.94786094, 1.781020371, 1.808933934, 1.936261033, 1.621940933, 1.769523616, 2.035555347, 1.391121703, 1.655946527, 1.745713523, 1.991558308, 1.733608957, 2.037933193, 2.039505116, 4.678170392, 2.767109359, 7.143514163, 45.534364602, 3.816477836, 2.964542552, 15.595758408, 3.889422351, 3.083642882]
optimality_gap = [0, 0, 0, 0, 0, 0, 0, 0, 0, 0, 0, 0, 0, 0, 0, 0, 0, 0, 0, 0, 0, 0, 0, 0, 0, 0, 0, 0, 0, 0, 0, 28, 0, 0, 4, 0, 0, 5, 0, 0]
final_time = [125, 125, 180, 221, 258, 310, 351, 379, 414, 511, 524, 578, 563, 627, 684, 755, 742, 782, 814, 869, 921, 944, 1032, 998, 1073, 1113, 1145, 1174, 1220, 1301, 1399, 1500, 1573, 1599, 1621, 1463, 1568, 1632, 1635, 1655]
makespans = [125, 65, 80, 81, 78, 90, 91, 79, 74, 131, 104, 118, 63, 87, 104, 135, 82, 82, 74, 89, 101, 84, 132, 58, 93, 93, 85, 74, 80, 121, 179, 240, 273, 259, 241, 43, 108, 132, 95, 75]
optimal = [true, true, true, true, true, true, true, true, true, true, true, true, true, true, true, true, true, true, true, true, true, true, true, true, true, true, true, true, true, true, true, false, true, true, false, true, true, false, true, true]
arrival_time = [0, 60, 100, 140, 180, 220, 260, 300, 340, 380, 420, 460, 500, 540, 580, 620, 660, 700, 740, 780, 820, 860, 900, 940, 980, 1020, 1060, 1100, 1140, 1180, 1220, 1260, 1300, 1340, 1380, 1420, 1460, 1500, 1540, 1580]
feasible = [true, true, true, true, true, true, true, true, true, true, true, true, true, true, true, true, true, true, true, true, true, true, true, true, true, true, true, true, true, true, true, true, true, true, true, true, true, true, true, true]
