fallback_feasible = [true, false, true, true, true, true, false, true, true, true, true, false, true, true, true, false, false, false, true, true, true, true, true, true, true, true, true, true, true, true, true, true, true, true, true, true, true, true, true]
cost = [[112.0, 0.0, 707.0, 0.0], [298.0, 0.0, 1472.0, 0.0], [445.0, 0.0, 2131.0, 0.0], [765.0, 0.0, 2851.0, 0.0], [961.0, 0.0, 3738.0, 0.0], [1107.0, 0.0, 4410.0, 0.0], [1884.0, 1.0, 5619.0, 0.0], [1994.0, 3.0, 6372.0, 0.0], [2593.0, 0.0, 7094.0, 0.0], [1257.0, 0.0, 7906.0, 0.0], [1375.0, 0.0, 8531.0, 0.0], [1505.0, 0.0, 9264.0, 0.0], [2546.0, 0.0, 10503.0, 0.0], [3443.0, 0.0, 11244.0, 0.0], [2777.0, 0.0, 11885.0, 0.0], [2104.0, 0.0, 12620.0, 0.0], [3313.0, 0.0, 13625.0, 0.0], [4436.0, 0.0, 14392.0, 0.0], [4591.0, 0.0, 15068.0, 0.0], [3646.0, 0.0, 15829.0, 0.0], [3781.0, 0.0, 16520.0, 0.0], [3926.0, 0.0, 17302.0, 0.0], [2782.0, 0.0, 18018.0, 0.0], [2918.0, 0.0, 18626.0, 0.0], [3072.0, 0.0, 19429.0, 0.0], [3242.0, 0.0, 20274.0, 0.0], [4922.0, 0.0, 20965.0, 0.0], [5090.0, 0.0, 21808.0, 0.0], [7221.0, 0.0, 22957.0, 0.0], [9106.0, 0.0, 23737.0, 0.0], [5686.0, 0.0, 24383.0, 0.0], [7683.0, 2.0, 25081.0, 0.0], [4015.0, 1.0, 25784.0, 0.0], [6137.0, 0.0, 26451.0, 0.0], [4273.0, 0.0, 27162.0, 0.0], [6459.0, 0.0, 27919.0, 0.0], [4488.0, 0.0, 28771.0, 0.0], [4602.0, 0.0, 29496.0, 0.0], [7027.0, 0.0, 30289.0, 0.0], [4881.0, 1.0, 31077.0, 0.0]]
time = [1.071994588, 1.555286976, 1.747197362, 1.895649083, 1.907126305, 7.317027193, 4.343945349, 2.49400538, 1.949483257, 1.641490684, 2.350336208, 4.897199823, 3.806495767, 3.194364372, 2.421322355, 5.870064611, 4.407265266, 3.877021353, 3.359375532, 2.458185324, 2.106736526, 2.237549332, 2.347523643, 2.474178937, 2.21936786, 2.635503138, 2.451668067, 16.984098056, 4.864643705, 4.361650941, 3.101262192, 2.992669883, 2.609715008, 2.641090357, 2.671132557, 3.15812514, 2.463212856, 2.950089586, 2.763455011, 3.158570416]
optimality_gap = [0, 0, 0, 0, 0, 2, 0, 0, 0, 0, 0, 13, 0, 0, 0, 99, 0, 0, 0, 0, 0, 0, 0, 0, 0, 0, 0, 2, 0, 0, 0, 0, 0, 0, 0, 0, 0, 0, 0, 0]
final_time = [112, 186, 259, 414, 486, 497, 487, 524, 599, 658, 832, 894, 820, 897, 1084, 1171, 1058, 1123, 1213, 1262, 1306, 1358, 1424, 1494, 1578, 1788, 1775, 1882, 1776, 1885, 1919, 1997, 2018, 2122, 2151, 2186, 2302, 2300, 2425, 2456]
makespans = [112, 106, 119, 214, 226, 177, 107, 84, 99, 98, 212, 214, 80, 97, 224, 251, 78, 83, 113, 102, 86, 78, 84, 94, 118, 268, 195, 242, 76, 125, 99, 117, 78, 122, 91, 66, 122, 60, 125, 96]
optimal = [true, true, true, true, true, false, true, true, true, true, true, false, true, true, true, false, true, true, true, true, true, true, true, true, true, true, true, false, true, true, true, true, true, true, true, true, true, true, true, true]
arrival_time = [0, 80, 140, 200, 260, 320, 380, 440, 500, 560, 620, 680, 740, 800, 860, 920, 980, 1040, 1100, 1160, 1220, 1280, 1340, 1400, 1460, 1520, 1580, 1640, 1700, 1760, 1820, 1880, 1940, 2000, 2060, 2120, 2180, 2240, 2300, 2360]
feasible = [true, true, true, true, true, true, true, true, true, true, true, true, true, true, true, true, true, true, true, true, true, true, true, true, true, true, true, true, true, true, true, true, true, true, true, true, true, true, true, true]
