fallback_feasible = [true, true, true, true, false, true, true, true, true, true, true, true, true, true, true, true, true, true, true, true, true, true, true, true, true, true, true, true, true, true, true, true, true, true, true, true, true, true, true]
cost = [[123.0, 0.0, 452.0, 0.0], [245.0, 0.0, 886.0, 0.0], [338.0, 0.0, 1362.0, 0.0], [432.0, 1.0, 1833.0, 0.0], [533.0, 0.0, 2276.0, 0.0], [688.0, 0.0, 2787.0, 0.0], [787.0, 0.0, 3290.0, 0.0], [931.0, 0.0, 3726.0, 0.0], [1037.0, 0.0, 4175.0, 0.0], [1150.0, 0.0, 4732.0, 0.0], [1261.0, 0.0, 5219.0, 0.0], [1360.0, 0.0, 5703.0, 0.0], [1553.0, 1.0, 6193.0, 0.0], [1667.0, 0.0, 6639.0, 0.0], [1760.0, 0.0, 7013.0, 0.0], [1827.0, 0.0, 7432.0, 0.0], [1988.0, 0.0, 7958.0, 0.0], [2088.0, 0.0, 8455.0, 0.0], [2220.0, 0.0, 8901.0, 0.0], [2331.0, 0.0, 9281.0, 0.0], [2445.0, 0.0, 9680.0, 0.0], [2586.0, 0.0, 10192.0, 0.0], [2715.0, 0.0, 10784.0, 0.0], [2832.0, 0.0, 11218.0, 0.0], [2956.0, 0.0, 11650.0, 0.0], [3033.0, 0.0, 12160.0, 0.0], [3174.0, 0.0, 12557.0, 0.0], [3317.0, 0.0, 13086.0, 0.0], [3422.0, 0.0, 13510.0, 0.0], [3503.0, 0.0, 14048.0, 0.0], [3601.0, 0.0, 14565.0, 0.0], [3708.0, 0.0, 14974.0, 0.0], [3804.0, 0.0, 15510.0, 0.0], [3899.0, 0.0, 15949.0, 0.0], [4004.0, 0.0, 16341.0, 0.0], [4084.0, 0.0, 16736.0, 0.0], [4200.0, 0.0, 17272.0, 0.0], [4290.0, 0.0, 17670.0, 0.0], [4402.0, 0.0, 18172.0, 0.0], [4517.0, 0.0, 18677.0, 0.0]]
time = [0.798781528, 0.796529218, 1.076951101, 1.02781537, 1.114239864, 1.247367788, 1.182067266, 1.048689246, 1.333418331, 1.411569678, 1.290397695, 4.02037772, 1.393291788, 1.504601238, 1.410179764, 1.416951923, 1.579660455, 1.594048706, 1.785097642, 1.74801178, 1.79457539, 1.827977468, 1.868773205, 2.085411719, 1.968086053, 2.002728084, 2.291712536, 2.239975305, 2.596927668, 2.190869672, 2.435597534, 2.341293989, 2.336154822, 2.645299098, 2.469092182, 2.499349173, 2.900981046, 2.854188128, 3.066497335, 3.30737977]
optimality_gap = [0, 0, 0, 0, 0, 0, 0, 0, 0, 0, 0, 1, 0, 0, 0, 0, 0, 0, 0, 0, 0, 0, 0, 0, 0, 0, 0, 0, 0, 0, 0, 0, 0, 0, 0, 0, 0, 0, 0, 0]
final_time = [123, 245, 338, 432, 533, 688, 787, 931, 1037, 1150, 1261, 1452, 1553, 1667, 1760, 1827, 1988, 2088, 2220, 2331, 2445, 2586, 2715, 2832, 2956, 3033, 3174, 3317, 3422, 3503, 3601, 3708, 3804, 3899, 4004, 4084, 4200, 4290, 4402, 4517]
makespans = [123, 185, 238, 292, 353, 468, 527, 631, 697, 770, 841, 992, 1053, 1127, 1180, 1207, 1328, 1388, 1480, 1551, 1625, 1726, 1815, 1892, 1976, 2013, 2114, 2217, 2282, 2323, 2381, 2448, 2504, 2559, 2624, 2664, 2740, 2790, 2862, 2937]
optimal = [true, true, true, true, true, true, true, true, true, true, true, false, true, true, true, true, true, true, true, true, true, true, true, true, true, true, true, true, true, true, true, true, true, true, true, true, true, true, true, true]
arrival_time = [0, 60, 100, 140, 180, 220, 260, 300, 340, 380, 420, 460, 500, 540, 580, 620, 660, 700, 740, 780, 820, 860, 900, 940, 980, 1020, 1060, 1100, 1140, 1180, 1220, 1260, 1300, 1340, 1380, 1420, 1460, 1500, 1540, 1580]
feasible = [true, true, true, true, true, true, true, true, true, true, true, true, true, true, true, true, true, true, true, true, true, true, true, true, true, true, true, true, true, true, true, true, true, true, true, true, true, true, true, true]
