fallback_feasible = [true, true, true, true, true, false, false, true, true, true, true, true, true, true, true, true, true, true, false, true, true, true, true, true, true, true, true, true, true, true, true, true, true, true, true, true, true, true, true]
cost = [[75.0, 0.0, 454.0, 0.0], [303.0, 0.0, 887.0, 0.0], [442.0, 0.0, 1345.0, 0.0], [674.0, 1.0, 1788.0, 0.0], [1028.0, 0.0, 2312.0, 0.0], [712.0, 0.0, 2838.0, 0.0], [1319.0, 0.0, 3680.0, 0.0], [1759.0, 0.0, 4165.0, 0.0], [2263.0, 1.0, 4666.0, 0.0], [1051.0, 1.0, 5137.0, 0.0], [1188.0, 0.0, 5645.0, 0.0], [1376.0, 0.0, 6171.0, 0.0], [2071.0, 1.0, 6718.0, 0.0], [2179.0, 0.0, 7145.0, 0.0], [2289.0, 1.0, 7563.0, 0.0], [1680.0, 0.0, 8005.0, 0.0], [1769.0, 0.0, 8487.0, 0.0], [2724.0, 0.0, 8913.0, 0.0], [1993.0, 0.0, 9320.0, 0.0], [2101.0, 0.0, 9888.0, 0.0], [3203.0, 1.0, 10381.0, 0.0], [3331.0, 0.0, 10828.0, 0.0], [2364.0, 0.0, 11304.0, 0.0], [3616.0, 1.0, 11636.0, 0.0], [2598.0, 0.0, 12181.0, 0.0], [2745.0, 0.0, 12596.0, 0.0], [-1, -1, -1, -1], [4397.0, 0.0, 13468.0, 0.0], [4512.0, 0.0, 14027.0, 0.0], [6071.0, 1.0, 14485.0, 0.0], [4696.0, 0.0, 15001.0, 0.0], [3267.0, 0.0, 15376.0, 0.0], [4970.0, 0.0, 15758.0, 0.0], [3464.0, 0.0, 16108.0, 0.0], [3565.0, 0.0, 16516.0, 0.0], [5456.0, 0.0, 16948.0, 0.0], [3817.0, 0.0, 17371.0, 0.0], [5781.0, 0.0, 17789.0, 0.0], [8080.0, 0.0, 18703.0, 0.0], [10658.0, 0.0, 19547.0, 0.0]]
time = [0.62955836, 1.156673949, 1.101712333, 1.721476157, 1.122204561, 4.733914617, 3.094315849, 2.558430706, 1.413739973, 1.260967342, 1.317868239, 1.474489918, 1.884942025, 1.344645669, 1.034648592, 1.288315684, 1.413836824, 0.973455037, 1.293319545, 1.443609548, 1.604473828, 1.629103119, 1.536605481, 1.344999301, 1.908919051, 1.547254449, 9.236489736, 2.741138684, 2.123276264, 2.103644944, 1.783976567, 1.528232121, 1.602737468, 1.468730677, 1.55428511, 1.745985355, 1.618891976, 4.126948688, 6.4847973, 5.269488124]
optimality_gap = [0, 0, 0, 0, 0, 3, 0, 0, 0, 0, 0, 0, 0, 0, 0, 0, 0, 0, 0, 0, 0, 0, 0, 0, 0, 0, 10000, 0, 0, 0, 0, 0, 0, 0, 0, 0, 0, 4, 25, 0]
final_time = [75, 228, 214, 232, 445, 437, 437, 440, 504, 547, 641, 735, 695, 749, 805, 875, 894, 955, 1038, 1063, 1102, 1166, 1198, 1252, 1346, 1399, 1506, 1492, 1514, 1559, 1624, 1644, 1702, 1762, 1803, 2098, 2160, 2197, 2155, 2048]
makespans = [75, 158, 94, 62, 225, 167, 117, 70, 84, 77, 121, 165, 75, 79, 85, 105, 74, 85, 118, 93, 82, 96, 78, 82, 126, 129, 186, 122, 94, 89, 104, 74, 82, 92, 83, 328, 340, 327, 235, 78]
optimal = [true, true, true, true, true, false, true, true, true, true, true, true, true, true, true, true, true, true, true, true, true, true, true, true, true, true, false, true, true, true, true, true, true, true, true, true, true, false, false, true]
arrival_time = [0, 70, 120, 170, 220, 270, 320, 370, 420, 470, 520, 570, 620, 670, 720, 770, 820, 870, 920, 970, 1020, 1070, 1120, 1170, 1220, 1270, 1320, 1370, 1420, 1470, 1520, 1570, 1620, 1670, 1720, 1770, 1820, 1870, 1920, 1970]
feasible = [true, true, true, true, true, true, true, true, true, true, true, true, true, true, true, true, true, true, true, true, true, true, true, true, true, true, false, true, true, true, true, true, true, true, true, true, true, true, true, true]
