fallback_feasible = [true, true, true, true, true, true, true, true, true, true, true, true, true, true, true, true, true, true, true, true, true, true, true, true, true, true, true, true, true, true, false, true, true, true, true, true, true, true, false]
cost = [[105.0, 0.0, 253.0, 0.0], [204.0, 0.0, 463.0, 0.0], [282.0, 0.0, 740.0, 0.0], [336.0, 0.0, 947.0, 0.0], [405.0, 0.0, 1119.0, 0.0], [475.0, 0.0, 1297.0, 0.0], [556.0, 0.0, 1546.0, 0.0], [656.0, 0.0, 1790.0, 0.0], [755.0, 0.0, 1991.0, 0.0], [829.0, 0.0, 2196.0, 0.0], [917.0, 0.0, 2425.0, 0.0], [1037.0, 0.0, 2661.0, 0.0], [1100.0, 0.0, 2874.0, 0.0], [1174.0, 0.0, 3077.0, 0.0], [1264.0, 0.0, 3352.0, 0.0], [1351.0, 0.0, 3573.0, 0.0], [1443.0, 0.0, 3793.0, 0.0], [1517.0, 0.0, 4060.0, 0.0], [1625.0, 0.0, 4306.0, 0.0], [1735.0, 0.0, 4549.0, 0.0], [1804.0, 0.0, 4791.0, 0.0], [1890.0, 0.0, 5020.0, 0.0], [1962.0, 0.0, 5245.0, 0.0], [2012.0, 0.0, 5402.0, 0.0], [2100.0, 0.0, 5595.0, 0.0], [2179.0, 0.0, 5817.0, 0.0], [2243.0, 0.0, 6035.0, 0.0], [2326.0, 0.0, 6250.0, 0.0], [2444.0, 0.0, 6475.0, 0.0], [2521.0, 0.0, 6713.0, 0.0], [2589.0, 0.0, 6914.0, 0.0], [2668.0, 0.0, 7136.0, 0.0], [2765.0, 0.0, 7310.0, 0.0], [2818.0, 0.0, 7501.0, 0.0], [2894.0, 0.0, 7712.0, 0.0], [2970.0, 0.0, 7899.0, 0.0], [3076.0, 0.0, 8119.0, 0.0], [3204.0, 0.0, 8369.0, 0.0], [3275.0, 0.0, 8576.0, 0.0], [3415.0, 0.0, 8805.0, 0.0]]
time = [0.814391124, 0.498147922, 0.603352179, 0.768340431, 0.619530329, 0.634262756, 0.978070915, 0.949128468, 0.908524216, 0.904331902, 1.169609262, 0.857783168, 0.798261386, 0.996862721, 1.058683724, 1.123307303, 1.11071484, 1.120380415, 1.299315618, 1.011128398, 1.207429683, 1.311691548, 1.255381201, 0.987077895, 1.261625166, 1.314358592, 1.465511771, 1.445690344, 1.559791521, 1.439706432, 1.619667887, 1.545962316, 1.549314944, 1.516382508, 1.492086598, 1.584217281, 1.874206601, 1.799733229, 1.670994962, 1.825257623]
optimality_gap = [0, 0, 0, 0, 0, 0, 0, 0, 0, 0, 0, 0, 0, 0, 0, 0, 0, 0, 0, 0, 0, 0, 0, 0, 0, 0, 0, 0, 0, 0, 0, 0, 0, 0, 0, 0, 0, 0, 0, 0]
final_time = [105, 204, 282, 336, 405, 475, 556, 656, 755, 829, 917, 1037, 1100, 1174, 1264, 1351, 1443, 1517, 1625, 1735, 1804, 1890, 1962, 2012, 2100, 2179, 2243, 2326, 2444, 2521, 2589, 2668, 2765, 2818, 2894, 2970, 3076, 3204, 3275, 3415]
makespans = [105, 164, 222, 256, 305, 355, 416, 496, 575, 629, 697, 797, 840, 894, 964, 1031, 1103, 1157, 1245, 1335, 1384, 1450, 1502, 1532, 1600, 1659, 1703, 1766, 1864, 1921, 1969, 2028, 2105, 2138, 2194, 2250, 2336, 2444, 2495, 2615]
optimal = [true, true, true, true, true, true, true, true, true, true, true, true, true, true, true, true, true, true, true, true, true, true, true, true, true, true, true, true, true, true, true, true, true, true, true, true, true, true, true, true]
arrival_time = [0, 40, 60, 80, 100, 120, 140, 160, 180, 200, 220, 240, 260, 280, 300, 320, 340, 360, 380, 400, 420, 440, 460, 480, 500, 520, 540, 560, 580, 600, 620, 640, 660, 680, 700, 720, 740, 760, 780, 800]
feasible = [true, true, true, true, true, true, true, true, true, true, true, true, true, true, true, true, true, true, true, true, true, true, true, true, true, true, true, true, true, true, true, true, true, true, true, true, true, true, true, true]
